-0.0053129452
-0.2631623
0.86811289
-0.4922737
1
0.10740762
-0.14235043
-0.55981018
0.11812786
-0.43965538
0.92738275
-0.055489514
0.63308539
-0.63595312
0.8783445
0.75636938
0.87307362
0.52790583
0.64456579
-0.42446491
0.04000061
-1.1286372
0.74578765
0.26833176
0.71580456
-0.31438283
-0.21637418
-0.16518732
0.77211536
-0.32090319
0.86959175
-0.32547287
-0.55816856
0.0064004816
-0.047286278
0.22762105
0.40992062
-0.48077977
-0.06528833
-0.77679293
0.37341501
-0.25366755
0.28245058
0.5337736
-0.49729946
0.011170357
1
-0.4829347
0.093966714
-0.080192673
0.71402742
0.027012405
-0.15543714
-0.85859826
0.83929743
-0.62370295
0.21057937
-0.66977067
0.37681955
0.089110938
0.035775501
-0.79904152
0.24047477
0.15092507
0.47234277
-0.051634426
0.82821403
-0.71300081
0.66363068
0.53925259
0.17024952
-0.57969897
0.47810811
0.22290322
0.5934489
0.035801101
0.16385622
0.264799
0.33302967
0.0037082157
0.093544225
-1.0563688
-0.39926965
-0.52274832
0.13608592
-0.35385536
0.23807638
0.72170392
1
-0.62024594
0.36018274
0.15290815
-0.29404048
-1.1771585
1.0273656
-0.41662401
0.022082038
-0.86841534
0.89155132
0.28163478
-0.31021768
-0.56620067
0.28689513
-0.29387956
-0.30846943
0.47642264
0.99230607
-1.1750627
-0.31772125
-0.12592056
0.19882149
-0.15048183
0.43776759
-0.69899234
-0.14300568
0.17472207
1.0673409
-0.31320846
0.39386182
0.27735081
-0.23731455
0.66319198
0.24821073
0.43418448
0.35542754
-0.30211908
-0.15983235
0.59481105
0.53818572
0.64167832
0.87873011
0.14305911
0.62754173
-0.98012101
0.58811797
0.011126372
-0.64553504
0.46062652
1.2506133
0.1681105
0.11320983
0.089880299
0.1180192
0.11856836
-0.014298907
0.38224624
0.33028112
-0.24107459
0.22329893
-0.91019168
0.45404969
0.29350926
0.49407446
0.20713691
0.1433436
-0.36347134
0.66978773
-0.50787426
-0.89487768
0.20185729
0.040908908
0.44206281
0.74181984
-0.44131379
0.69342064
-0.36510697
0.59687085
-1
-0.095325275
-0.011210915
1.1409412
0.52294908
0.16148297
-0.24209674
0.70163081
-0.1380967
-0.31330434
0.19907537
0.49498852
-0.48257482
0.21435585
0.027250168
-0.16169364
-0.30863205
0.41043888
0.20237496
0.87581813
0.064164587
-0.028355101
-0.64154596
0.46768149
0.35732538
1.4145302
-0.48202243
0.19428608
0.25808456
-0.012296317
0.21774876
1
-0.95985992
0.065243335
-0.079856277
0.59800207
-0.6579986
0.31324786
-0.21233767
0.087490466
-0.45102393
0.80483915
-0.70996003
0.87636932
-0.25693398
0.60134921
0.54575733
0.50391583
-0.33198394
0.30671897
-0.20981829
-0.5252982
-0.19162641
0.1223201
-0.23794435
1.1754189
-0.10920365
-0.20235287
0.32762573
-0.17817371
-0.22118398
0.69308157
-0.53762429
-0.18974589
0.16119482
0.83746054
-0.21699969
-0.34511345
-0.38249661
0.52035705
-0.031426859
0.34171882
0.0052693103
-0.032336947
-0.0074264717
0.18619141
-0.31375265
0.4821976
-0.68742862
0.92639723
-0.33322511
0.52931511
-0.059602825
0.65266158
-0.03278792
0.38799199
-1.3166079
0.99648608
0.095783481
0.77723164
-0.93476076
0.75864178
0.23516236
0.70591874
0.013607147
0.043156995
0.0025411963
0.12014782
-0.038515517
-0.39293189
-0.85979609
0.22077797
-0.51244603
0.73230026
-0.04364366
0.29829978
-0.09898573
-0.04259727
-0.21274816
0.75772915
-0.29112992
0.81128426
-0.073314757
0.45970901
-0.16798601
-0.30161915
-0.35609881
0.58293791
0.07043587
0.56138273
-0.57158021
0.45104379
-0.21479882
0.6998206
-0.41011502
0.39562724
-0.65520306
-0.46140358
-0.80615179
0.39946389
-0.53561816
1
-0.91059847
-0.044948985
-0.23805752
0.95286996
-0.91826693
0.22161464
0.12409199
0.48838901
0.17043518
0.59522438
0.338355
0.53373997
-0.18354056
-0.070866254
-0.02753304
0.39109202
-0.85839947
-0.99327116
0.00016566544
0.46156179
0.055153925
0.53516757
-0.030540641
-0.87783466
-0.58464211
0.37225755
-0.78251633
1
0.25641042
0.35437974
-0.25077645
0.75668446
-0.1187004
0.36258133
-0.4240234
0.92412144
0.63517982
-0.46063072
-0.45469163
0.88208421
0.52441991
-0.9207514
-0.62131291
1.175966
-0.3090135
0.3143755
-0.34166696
-0.10760291
-0.090530503
0.44408608
-0.078058985
-0.31686319
0.23028913
0.6126509
-0.21434472
-0.17176143
-0.16356042
-0.4933856
-0.78614543
0.043575392
-1.0166322
0.75545399
-0.84782426
0.94309174
0.12465396
0.45947268
0.11645514
-0.11740351
0.071620372
0.49600601
-0.69970493
0.60026414
-0.48985876
-0.26605643
-0.17398587
0.34493202
-0.28405059
0.74792531
-0.69962432
0.75394529
-0.74263555
0.20231478
0.24641708
0.78613049
-0.96928221
0.41853757
0.16980365
0.026340738
-0.009923493
0.84390521
1.1164578
0.68411822
-1.3194168
0.73235054
0.1886809
0.85067672
0.62823852
-0.27475177
0.31927829
0.85000672
0.56672332
0.45082221
0.11699828
0.40561426
-0.27292081
-0.50905339
-0.41128913
1.0784489
-0.67103791
0.5190699
0.27573966
0.55808947
0.14000483
0.41670916
-0.74618671
0.53360785
0.30098943
0.32708582
-0.12177463
-0.55200501
0.22000848
-0.25083062
-0.43514577
0.63542722
-0.44552362
0.25462349
0.1015336
0.97491749
0.014093971
0.41324193
-1
0.61680786
-0.027973752
-0.4327121
-0.72915148
-0.063014826
-0.47740042
-0.48051729
0.2444275
-0.14851291
-0.016162568
0.59920849
-0.5539531
0.29384277
0.23263342
0.50253186
-0.32898995
-0.15757131
-0.010772834
0.57155768
-0.057939094
0.21504365
-1.1729375
0.20334569
-0.99906778
-0.17674277
-0.82139351
0.33403153
-0.23829875
0.66801017
-0.26667418
-0.16946784
-0.3286235
0.57971863
-0.20438978
0.47337995
-0.48772743
-0.13225438
0.22634185
0.78597434
-0.8226533
0.45102139
0.010306971
0.091322305
0.13364372
0.41005151
0.020484053
-0.4001951
-0.0013920781
0.49027778
0.60432668
0.98643347
-0.22552673
0.14174642
-0.071345456
1.0539283
-0.69964998
0.54855174
0.28073415
1.0538759
-0.09732264
-0.044255409
-0.79260829
-0.75933493
0.23555515
0.72406375
0.23589662
0.50143581
-0.2821351
-0.13280026
-0.6983414
0.53190039
0.98597637
0.97787667
-1.1315719
0.28865949
0.57875494
-0.096364385
-0.90526695
0.12960424
-0.12389791
0.71259228
-0.26033747
0.46489522
0.20432376
0.9996014
0.14783023
0.70958261
0.35668978
-0.79809653
0.36107095
-0.29996493
-0.0352197
0.84782968
0.46551005
0.36581791
-0.50568246
0.061065695
0.2623267
0.25948002
0.46999492
0.18084998
-0.31014587
-0.19939868
-1.0572077
-0.69640935
-0.81638216
1.1146598
-0.34986252
0.29753043
-1.0323791
1.0122992
-0.36688152
0.019824981
-0.19820417
0.86825631
0.083484574
0.40762048
-0.17031224
0.83143457
-0.20920787
0.00013088494
0.6633727
0.59977929
-0.13517293
0.1369508
0.1795844
0.91430886
0.51053481
-0.16940432
-0.98072671
0.13193212
-1.4899643
0.82907033
0.13463887
-0.067968962
-0.47614505
-0.6356621
-0.15678332
0.11658959
1.0183839
0.84131434
0.18056237
0.77507681
0.081165151
-0.41363701
-0.1279222
-0.058775088
0.68778814
1.139824
-0.36362152
0.19986516
-0.32595998
0.089061929
0.05080232
0.17041465
-0.86145032
0.50049636
-1.1202687
0.58550981
-0.6287581
0.46322895
-0.48054444
0.63600382
-0.12169652
0.43409955
0.27091153
0.047501221
0.76983738
1
-0.10318583
0.82992084
-0.1526871
-0.32982665
-0.600677
0.29442089
0.049928576
0.097954608
-0.59254041
0.26983162
-0.20749418
0.45833843
-0.31819524
0.89118988
-0.23077442
1.0280325
-0.63978327
0.39308246
-0.62959099
0.095520111
0.04619224
0.31242014
-0.1977321
0.31491468
0.064947443
-0.23636062
-0.9825259
0.42761875
-0.11031569
0.52251898
-0.13528624
0.099090242
-0.82293997
0.91844861
-0.16364346
0.25959634
-0.37417002
0.062956245
-0.14321034
0.12306725
0.010782851
0.11148288
0.3767222
0.57247273
-0.39027987
0.67783873
-0.50424958
0.016958439
-0.16419014
0.79685272
-0.43924139
0.12683833
0.18852029
-0.36396528
-0.990506
-0.3747859
0.64174084
0.15829954
0.22559369
0.35608573
-0.70825096
0.35969643
-0.14699245
0.79506617
-0.48809108
0.37432847
-0.69766686
0.65255834
-0.47394675
0.40903711
-0.43042119
0.73212784
-0.37359156
0.63486559
-0.36184834
0.71678468
-0.10421127
0.40553981
0.3192011
-0.39536482
0.3053262
0.27359908
-0.048011265
0.83051345
-0.28948146
0.24188015
-0.17869985
-0.37889085
0.1721392
0.94364425
0.16931677
0.69708254
0.021148027
0.75320718
-0.2206552
0.63004826
-0.36223235
-0.53583255
-0.57696096
0.057526684
0.35903025
0.50401868
-0.14133979
0.31804962
-0.34012138
0.5712922
0.55013405
0.63821306
-0.28003841
-0.20160622
-0.64353729
-0.36059744
0.35635675
0.22076017
-1.1205936
0.91261182
-0.81101289
0.54731005
0.0038207582
0.16940417
-0.43275164
0.18947911
-0.49034057
-0.2335406
-0.33754296
0.28455424
-0.10374539
0.83507187
-0.027740189
1.2819164
-0.99946744
-0.13993092
0.33928021
-0.17470156
-0.53779899
-0.16064213
-0.25832733
0.027921273
-0.73022191
0.44276809
-0.14225323
0.86656644
0.33896451
0.12191021
-1.4688605
0.6372173
-0.56173115
-0.13705266
-0.32059927
0.18946684
0.18308926
0.48522648
-0.4114946
1.0000971
-0.27366591
0.46307791
-0.28868653
-0.51878106
0.13661858
0.28518223
-0.30496728
0.64682042
-0.68778304
-0.7564487
-0.64510876
0.53245641
-0.86089302
0.42543146
-0.50558793
0.90957957
0.068588266
-0.52200167
0.52059073
-0.023222865
0.5245928
0.48392286
0.10157401
0.016414564
-0.34411723
0.0073868248
-0.72239176
-0.35501728
-0.6923725
0.63633761
-0.14682422
0.21391977
-0.45935035
0.013502759
0.08377727
0.56825776
-0.072681009
0.59076815
-0.85962114
0.12273771
-0.30560412
0.10581024
-0.99944067
0.78211399
0.057300621
0.12354118
-0.34274653
-0.39275751
1.0026325
-0.10800402
0.62072842
0.73595947
-0.33350506
0.46092743
0.58335265
0.39438636
-0.49843463
0.2268564
-0.047086451
0.59362398
-0.42937824
-0.40052184
-0.41742868
0.44269281
-0.033499108
0.61165023
-0.047526865
0.69336845
0.1839055
0.22329256
-0.15147659
-0.16440289
0.059893283
0.41088977
-0.41965307
-0.60758342
-1.1768102
0.78141535
-0.29996841
-0.68284353
-0.10537188
0.88340427
-0.40258369
0.39340006
-0.23988183
-0.37512018
-0.98104062
0.80457292
0.22973545
0.39452396
0.28646341
0.63365008
-0.44927366
0.61199095
-1.2163196
0.52387583
-0.60440078
0.53132826
-0.052483692
1.3307902
-0.0082090532
0.26517019
-0.3696402
0.099357297
-0.13939817
0.39062253
0.17082408
0.13298128
-0.074978376
0.66893662
-0.44457781
0.49575902
-0.23466713
-0.26195782
0.074420858
0.70533755
0.88420266
0.9339837
-0.22838113
0.60083882
-0.78196701
0.5916534
-0.40765053
0.44410895
0.349999
0.62619994
-0.79798014
0.59482552
-0.12509149
0.45821491
-0.41401032
0.35867062
0.025122418
0.32970264
0.075011549
0.41898212
0.47434923
0.18000376
0.37839346
-0.85440143
-0.41032232
0.079317381
0.020503849
0.11403119
-0.078785541
0.18204358
-1.0077223
1.0568763
-0.3536198
0.62665704
-0.70207457
0.60121666
-1.3228044
0.037897052
-0.6206875
0.58581647
-0.61826172
0.32025573
0.013449379
-0.13338313
0.02424524
0.43837027
0.011498469
0.98138154
-0.016877606
0.68589331
-0.5565458
0.81992154
-0.46777675
1.0145167
0.087987222
0.10527297
-0.80084962
0.87077768
0.005429785
0.21729216
-0.7751221
0.31530943
-0.21320701
1.0004406
0.53996867
-0.014618035
0.25009453
0.65798374
-0.53902994
1.5404807
-0.72114234
-0.43861238
0.45043455
0.80794901
0.25635364
0.89308676
0.035250992
0.34648515
-1.0477969
0.22335006
-1.3672726
1.0021292
0.45366984
0.72296467
-1.1550038
0.30713004
0.1669082
0.93007861
-0.52741508
-0.19805365
-1.0060668
-0.69284091
-0.70068041
0.62663501
-0.3056249
-0.49408995
0.59221217
1.2058446
-0.44459847
0.9215333
0.28360635
0.94633151
-0.56138546
0.81506219
-0.54198667
0.27823241
-0.48817816
0.38869416
-0.59704959
-0.0052027265
-0.35870147
0.17447088
-0.090301579
0.52104646
-0.57912388
0.91271291
0.14563939
0.22576677
-0.080446161
0.66482547
-0.19357842
0.57161337
-0.87621454
0.39715044
-0.37906587
0.80588752
0.041635438
0.65518476
-0.32804803
0.58166382
0.39617486
