0.2085346
-0.41290065
0.93106242
-1.0004765
1.0466115
-0.18494136
-0.1599198
-0.99127006
0.3340387
-0.99968695
1.0660535
-0.29329346
0.99984931
-1.0157551
1.3500308
0.25710704
1.1288838
0.4913184
0.82224296
-0.63971598
-0.028760168
-1.4891577
0.99921798
0.02820566
0.94392425
-0.83674298
-0.0078091502
-0.556654
1.0004914
-0.59717191
0.99995428
-0.84881666
-0.23619101
-0.96716251
0.13612358
-0.20227242
0.70717879
-0.77556892
0.063425505
-1.0638446
0.79380286
-0.82559082
0.27970685
0.097682347
-0.16457973
-0.20412281
1.1276349
-0.52114744
0.068537896
0.02390312
0.79397243
-0.20171454
-0.30402574
-1.0002621
0.98815488
-1.0591156
0.30781492
-0.9996177
0.63716703
-0.21179848
0.072454543
-0.99980257
0.43449645
-0.18474985
0.49582121
-0.62384635
1.2053054
-0.9937057
0.8246648
0.60643961
0.19100852
-0.83437625
0.49593319
-0.27300717
0.63343824
-0.40971925
0.22201414
0.10832665
-0.14073424
-0.25350148
0.082043725
-1.3757202
-0.34778124
-0.92742474
0.50330457
-0.5370497
0.7745797
0.69362389
1.0968823
-0.76757841
0.6982945
-0.28685882
-0.18655838
-1.1775156
1.3115947
-0.80959612
-0.063700062
-1.2128459
1.0886495
-0.23539107
-0.051710809
-0.90927147
0.25423403
-0.98076209
-0.78414561
-0.015997638
1.2017948
-1.3381693
-0.29281807
-0.46451744
0.1693588
-0.31644881
0.58816132
-1.2201689
0.295244
0.05120713
1.2308515
-0.75256506
0.99009732
-0.20578149
-0.10677483
0.71544468
0.41344258
0.10607489
0.62152016
-0.22352759
0.041219404
0.50857519
0.89871911
0.68845056
1.0713578
-0.39525973
0.72599945
-1.3817723
0.81062918
-0.20484289
-0.70219233
0.27568497
1.6891464
-0.61030552
0.45911354
-0.11476685
0.46305384
-0.52312281
0.45416564
-0.034750273
0.21775953
-0.66287171
0.51444234
-1.0006159
0.60667054
-0.057660618
0.49906077
-0.51242985
0.61150474
-0.67566251
0.86902398
-0.92130514
-0.68466757
-0.051932263
0.1878882
0.10617031
0.99973867
-0.82825534
0.89538937
-0.60448595
0.94510615
-1.4260443
-0.049952449
-0.37798408
1.4002161
0.65570849
0.5633188
-0.37572177
1.0591704
-0.31820115
-0.24570919
-0.194147
0.51156852
-0.79191626
0.74890458
-0.02787623
-0.025564956
-0.78523219
0.90016357
0.020409584
0.99996645
0.040835416
-0.11565795
-1.0190204
0.64105886
-0.0051728016
1.9383093
-0.94201933
0.34529335
0.15328833
0.24579706
0.045910551
0.99957615
-1.3548823
0.43976462
-0.62074365
0.55785322
-0.97738223
0.42065255
-0.74161677
0.69684346
-0.83304604
1.2967661
-1.0004051
0.97920867
-0.41256334
1.0001757
0.25968683
1.0004506
-0.45493375
0.30269288
-0.14925913
-0.024634917
-0.29438769
-0.05570099
-0.15277046
1.5580107
-0.30243333
-0.078417917
0.064876451
0.13071556
-0.6033351
0.81634271
-1
0.63494677
-0.10298605
1.0855698
-0.3273756
0.12572222
-0.35839116
0.46767419
-0.14625924
0.81290789
-0.58782861
0.3013671
-0.33819698
0.42553754
-0.79401391
0.37747637
-0.77772027
1.0983993
-0.69443508
0.81676835
-0.51191544
0.95388795
-0.19500415
0.74094482
-1.8002658
1.2223316
-0.20130262
1.2305095
-1.6063483
1.3738747
-0.066684666
0.61686053
-0.45130374
0.11270452
-0.2048008
0.37458968
-0.29365523
-0.45316165
-1.2200408
0.094973219
-0.72638214
1.2636619
-0.51477859
0.39171897
-0.47843795
-0.26757395
-0.56226596
0.63001103
-0.70589141
1.3839681
-0.70876413
0.79047589
-0.21494448
-0.37152848
-0.92200568
0.7398619
-0.32104845
0.7548074
-0.887609
0.93752932
-0.41542706
0.97675147
-0.82665365
0.66920123
-1.1786388
-0.37410677
-1.1229763
0.49734438
-0.9995382
1.7452507
-0.99976374
0.22007262
-0.82009742
1.2756873
-1.4684451
0.26268531
-0.025731197
0.67125862
0.07792806
0.83412701
-0.20179579
0.93743324
-0.48263369
0.17110115
0.21314213
0.64444361
-1.1776219
-0.78348085
-0.63827035
0.33753894
-0.24556472
0.78780005
-0.35914744
-0.72990621
-1.0005951
0.57718153
-1.370788
1.4637027
0.016546294
0.90328381
-0.61439987
0.78667119
-0.15130311
0.3231448
-1.0004829
1.329057
0.71406461
-0.28079488
-0.71809088
1.0221362
-0.20517734
-0.71015869
-1.1299302
1.3506423
-0.72777191
0.71503003
-0.88725116
0.37019089
-0.39948619
0.99973806
-0.2481332
0.24943175
-0.25865247
0.98179652
-0.15490674
-0.093481138
-0.45815625
-0.359886
-0.98181638
0.51431876
-1.2390682
1.3825311
-1.2407025
1.1306401
-0.15201014
0.42798071
-0.48604903
-0.014556508
-0.0073575567
0.98806174
-1.1370242
0.99973291
-1.0000787
-0.40390678
-0.54824369
0.53354322
-0.55968606
0.59214884
-1.2672487
0.85590054
-1
0.43369592
0.18541455
1.0669419
-1.250066
0.55847853
-0.15838247
0.20998928
-0.37388671
1.1668195
0.97999589
0.99984614
-2.1459554
0.8437871
-0.37077421
1.2074537
0.29317329
-0.30290704
0.11461526
0.99967653
0.49396193
0.65004952
-0.079680491
0.18952649
-0.3646473
-0.50977201
-0.72250642
1.3097764
-1.0000729
0.48834078
-0.49610965
0.9996455
-0.16904833
0.65768449
-0.99982732
0.65236393
-0.18103932
0.65013832
-0.67256636
-0.60480829
-0.054263396
0.068219519
-1.304201
0.60708762
-0.83003507
0.33530114
-0.24729098
1.5455189
-0.39245507
0.81973576
-1.377109
0.99952662
-0.10914448
-0.49172712
-0.84944058
-0.15738995
-0.64812806
-0.59694008
-0.037763922
-0.042692683
0.038883923
0.93803116
-1
0.43366428
-0.064514101
0.56282381
-0.41508439
0.18559933
-0.44758085
0.66301731
-0.49416097
0.38237883
-1.6208541
0.33286537
-1.2396133
-0.25855829
-1.2390444
0.28573552
-0.38779961
1
-0.87835981
-0.66900769
-0.20462753
0.99943791
-0.40843255
0.53284007
-0.83588907
-0.20790772
0.58174865
0.97419304
-1.2142224
0.36776216
-0.075566267
0.33703738
-0.15961902
0.51791246
-0.61826151
-0.30293113
-0.36696722
0.63792018
0.45846346
0.99975926
-0.27047443
0.71491336
-0.44682412
1.1827782
-0.51852629
1
-0.20677547
1.3625601
-0.4089569
-0.16813342
-0.7604797
-0.6343428
-0.25624768
1.0136522
-0.091386927
0.59321919
-0.85099027
-0.26744331
-1.0802829
1.1523084
0.74005041
1.4677273
-1.4031985
0.41990329
0.22694604
0.17701714
-1.0030251
0.48439274
-0.73939402
0.77128355
-0.51681128
0.62460532
0.21359524
1.0227503
-0.097818678
0.9998393
0.22684748
-0.83970239
-0.15034374
-0.15190153
-0.24300877
1.0024687
0.25822254
0.53000091
-0.70338231
-0.15320907
0.28065245
0.54098772
0.34152934
0.27630886
-1.0007327
-0.0072873219
-1.3234982
-0.61739572
-0.94557521
1.3827204
-0.4203599
0.38522662
-1.0000607
1.5954794
-0.71565225
0.061225851
-1.0004806
1.0260107
-0.019531334
0.64980795
-0.32331214
0.79215581
-0.27144407
0.098883817
0.20351065
0.84059173
-0.24231698
0.56732135
0.11556898
0.96138395
0.40887939
-0.10626584
-1.3345851
0.8632091
-2.0241262
0.85044261
-0.14908838
0.62510799
-0.80729804
-0.88249956
-0.3067662
0.40305632
1.0877837
1.0694162
-0.15971316
0.97748499
-0.53827431
-0.044922999
-0.3791944
0.28297514
0.34100207
1.7085503
-1.0007201
0.27930965
-0.79396605
0.45936515
-0.63680921
0.28378459
-1.1793538
0.62808385
-1.8602248
0.6827583
-1.2790128
0.37076247
-0.91316858
0.89411945
-0.44804741
0.76039534
-0.067695287
-0.071665614
0.62985533
1.4261674
-0.45175989
1.1029502
-0.3089759
-0.11844429
-0.96466315
0.5240732
-0.4789567
0.68063914
-0.90330207
0.27529929
-0.61464141
0.88732042
-0.73300421
1.128417
-0.41967727
1.6177592
-1.0005031
0.94193091
-1.2196699
0.14312315
-0.42895244
0.24634243
-0.66617137
0.35551878
-0.4090985
-0.42650656
-1.2063487
0.44975777
-0.042281501
0.81235709
-0.46801137
0.16594226
-1.0005678
1.2090812
-0.81724507
0.52101634
-0.76741181
-0.15902213
-0.56178953
0.20349596
-0.52033836
0.26621131
0.097334858
0.889617
-0.52982429
1.0000424
-0.99981404
0.26355419
-0.52097225
1.0932538
-0.84426544
0.01860475
0.18506366
0.35490744
-1.6095523
-0.13812143
0.29690453
0.76607087
0.1210989
0.53262802
-1.0622499
0.3279812
-0.44489842
1.2831449
-1.0570227
0.39745993
-0.99942219
1.3242216
-1
0.12898311
-0.86278858
0.9106938
-1
1.0001893
-0.74945471
0.82858015
-0.31781785
0.36637392
-0.014805386
-0.33616543
0.54182312
0.4972052
-0.4193697
1
-0.56741092
0.090322231
-0.49965607
0.14203897
-0.35728094
1.0524707
-0.062778125
0.99497267
-0.10891634
0.93813118
-0.83378797
0.77352805
-0.53970859
-0.55259221
-1.1127447
-0.11005438
0.30589944
0.70515108
-0.40613373
0.56802768
-0.62855519
0.78038299
0.073614859
0.93273018
-0.68691182
0.33465856
-1.000054
0.07294148
0.39394646
0.63325125
-1.2531966
1.033505
-1.0002898
0.97168943
-0.36234214
0.28862044
-0.89571752
0.65163469
-0.82908831
-0.23271438
-0.59534651
0.7717962
-0.19045301
1.0468221
-0.2417191
1.3799039
-1.4529035
-0.15343345
0.54242497
-0.17099019
-0.8416307
0.25386122
-0.48466188
0.064210615
-1.4095577
0.52009521
-0.45967568
1.0003881
0.3416678
0.47158327
-1.8416365
0.94176217
-0.97829985
-0.13264315
-1.0008043
0.4831988
-0.035277864
1.0003991
-0.99980846
1.1311898
-0.80344006
0.71453707
-0.79448087
-0.41334634
-0.1956609
0.4731839
-0.72432275
1.092115
-1
-0.62055576
-0.55388366
0.72342878
-1.0954373
0.99999583
-0.98597904
1.1633854
-0.68674818
-0.13993028
-0.051359044
-0.13528432
0.35951688
0.66252655
-0.48437783
0.12353555
-0.88154152
-0.039231488
-1.1333388
0.3290702
-0.97120861
1.0002123
-0.23564244
0.70287327
-0.9702259
0.96366748
-0.21751011
0.70385037
-0.59177783
0.95064444
-1.0005468
0.37799249
-0.80715633
0.53756227
-1.2136623
0.99662752
-0.72753039
0.29796898
-0.71856353
-0.048049232
0.96694912
0.86247433
0.24154439
0.88407047
-0.89210003
0.3506408
0.27969895
0.53845042
-0.67774191
0.7445275
-0.29469539
0.79934839
-0.8840994
-0.37669241
-0.96550341
0.49083653
-0.3064142
0.59060971
-0.12040868
0.8862659
-0.37568214
0.19039865
-0.68870165
0.24466848
-0.55779248
0.61784278
-0.51421553
-1.1538304
-1.610137
0.88789465
-0.84370686
-0.29099344
-0.55153792
0.94627268
-1
0.71846047
-0.58030806
-0.14781627
-0.99983911
1.1492741
-0.17994633
0.57250472
-0.19249493
0.67281797
-0.84885456
0.56172356
-1.3249622
0.74938934
-1.0000667
0.77695567
-0.32719881
2.1193397
-0.33317953
0.078388446
-0.33854249
0.23225047
-0.24095598
0.62740436
-0.32351443
0.30536199
-0.28298779
0.99417844
-0.99983654
0.51471818
-0.64160473
-0.40072551
-0.10896144
0.96428417
0.6596554
1.57956
-0.47608873
0.71414995
-0.75326942
0.49186861
-0.73458781
0.61873667
-0.12462778
0.90445384
-0.98972418
0.99971954
-0.3513662
0.7804703
-0.72023375
0.37308555
-0.31799934
0.50188603
-0.31195215
0.55761735
-0.019431768
0.074050246
0.19763538
-0.80768787
-0.72116061
0.55898653
-0.13508045
0.20217194
-0.49244151
0.34552637
-1.3305737
1.6480771
-0.87447875
0.80428369
-1.0801946
0.71740785
-1.4732247
0.40332071
-1.1776406
0.94351865
-0.95055336
0.71995017
-0.18482055
0.47092005
-0.46894246
0.73701062
-0.31605305
1.192287
-0.43598921
0.77182425
-0.58273298
1.0001418
-0.78928914
1.4187726
0.10830135
0.018450113
-1.0925258
1.0593619
-0.061626834
0.47104529
-1.1643263
0.1974257
-0.049454672
1.5641045
0.48329321
0.2953965
0.25234717
1.0001122
-1.0725665
1.9498111
-1.0720421
-0.080372184
-0.15165194
1.0626614
0.1041425
1.0002851
-0.15984921
0.42304405
-1.4077082
0.68275355
-1.5888062
1.1913
0.29136187
1.00037
-1.7063373
0.40288291
-0.3012205
1.2302039
-0.67187608
-0.40415136
-1.3289685
-0.48344161
-1.3174749
0.83400644
-0.80712242
-0.17632986
0.12143391
1.3789315
-1.000704
0.88241493
-0.068025155
1.1455561
-0.74045078
0.68361909
-1.0005959
0.78217434
-1.000435
0.49466171
-0.84587984
-0.2378697
-0.5593467
0.23341135
-0.72842741
0.63843207
-0.73956172
0.85930532
-0.1465256
0.61277806
-0.68018872
0.99956209
-0.48830603
0.82834577
-1.314967
0.69410082
-0.99959061
0.99931746
-0.40042413
0.90862271
-0.62005418
0.74481702
0.11588626
