1.0003829
-1.0002651
1.1043366
-1.525543
1.0002392
-1.0003252
1.0005535
-1.0023387
1.0009269
-1.0675033
1.1652429
-0.99931294
1.0005269
-0.99910514
1.5728686
-1.0006934
0.99953512
-0.85823216
1.2941514
-0.99932543
1.0002324
-2.0241038
0.9994261
-0.99959378
1.0004251
-1.0004146
1.0001518
-1.0006079
0.99996926
-1.3839783
1.7166087
-1.4361959
0.99968888
-1.1825282
0.99959041
-1.0006145
0.99926237
-0.99970654
0.99961764
-0.99998552
1.0001702
-1.5446096
1.0004117
-0.84904938
0.99986693
-0.99941184
1.7592446
-0.80247262
0.97185972
-1.0003158
1.0003823
-0.99982413
0.9509428
-1.3590447
1.0001704
-1.3586924
1.1141983
-0.99971052
0.99948438
-1.0003644
0.83280068
-1.2282894
1.0008482
-1.0003258
0.99995925
-1.0005243
1.4509907
-0.999374
1.5244553
-0.99953917
0.9997659
-0.99903846
0.99956008
-1.0006298
1.000348
-1.0004628
1.0005896
-0.99958847
0.60585148
-0.99982047
1.000366
-1.4372761
1.0004999
-0.99944079
0.99968881
-0.99955177
0.99950241
-0.86687921
0.9995047
-0.99984854
0.99978936
-1.0005162
0.99990426
-1.5068395
0.99960542
-0.99956446
0.94249136
-1.2039028
1.7576313
-0.99948508
1.0006444
-1.5099844
0.99958765
-0.99983983
0.41189109
-1.6121194
1.0174277
-1.530052
1.0005672
-0.99948479
0.97376959
-0.99938964
0.99967328
-1.6277078
1.0007129
-0.99983541
1
-1.1051418
1.0895316
-0.99999548
1.0002914
-0.91041761
0.99935159
-1.0001131
1.0003255
-0.99953682
1.0006221
-0.99967396
1.0002983
-1.000191
1.3416373
-1.0006453
1.0000481
-1.3516779
0.99982368
-0.9997144
1.0006367
-1.0005658
1.1755462
-1.4788428
1.0004713
-1.0004155
1.0003454
-1.4934286
1.0018464
-0.99983673
0.99951221
-1.0767388
1.0004702
-1.6247445
0.99935045
-0.99960808
0.99934327
-1.0493078
1.5439853
-0.99956376
1.0001949
-1.1921449
1.0006655
-1.0007655
1.000226
-1.0008944
1.6120214
-1.7340523
0.99946827
-1.0002307
1.2155136
-1.00038
1.0006184
-1.0005792
1.2474983
-0.99952408
1.0007069
-0.99965213
0.99918118
-0.99928455
0.99979869
-0.99964189
0.9993344
-0.99915675
1.343607
-1.0003237
0.99979228
-1.4411046
1.7628823
-0.81335134
1.0001645
-0.43736056
1.000254
-1.3219063
0.99946943
-1.218868
1.2026856
-1.2779289
0.99973658
-0.99946321
1.102118
-0.99941194
1.0001706
-1.676317
0.99997609
-0.99945979
0.99984954
-0.99916778
0.9994676
-1.0003306
0.99972063
-0.99939391
1.6209619
-1.0003552
1.0004011
-0.99954973
1.0744602
-0.99942791
1.0003226
-1.0003961
0.99991512
-0.99937551
1.0003816
-0.99992852
1.0005443
-0.9997733
1.3244266
-0.99967969
1.2867892
-0.99955961
0.73250538
-0.99906031
1.0724509
-1.369403
1.551202
-1.0745573
1.1632662
-0.9993814
1.0002846
-0.99954186
0.99957388
-1.0005009
1.1383865
-1.0003827
1.0004226
-0.99952148
1.0000601
-1.1036274
0.97002762
-1.0000409
1.2341212
-0.99929816
0.99941724
-0.99937237
0.99959312
-0.99947335
0.99983876
-1.9301373
1.3621766
-0.99953587
2.6175318
-1.4864926
1.7170802
-1.0007772
0.99943895
-1.3650807
1.000807
-0.90121217
0.99953906
-1.0004217
0.6426565
-1.5075586
0.99948314
-0.99933288
1.4187962
-1.8171288
0.9995569
-0.99947962
1.0004518
-0.99981357
0.99959534
-1.5729014
1.4220035
-1.3204246
1.0003823
-0.99980746
0.8070646
-1.5336088
0.99936059
-0.99997136
1.0005888
-0.99918132
1.0005554
-0.99942756
0.99969811
-0.99927462
0.99956458
-1.9795206
1
-1.7029602
0.99949267
-1.6819802
1.2721993
-2.1038024
1.3376372
-0.99952478
0.99959194
-2.4492131
1.0004644
-1.0004562
0.99988846
-1.0001038
0.99957359
-0.99956454
1.4823374
-1.1638607
1.2559126
-0.66925881
0.99949142
-1.6119519
1.0005594
-1.5368809
0.99944766
-0.99958821
0.99929906
-1.0199553
1.0007806
-0.99996286
1.0003752
-1.2015406
1.6782315
-0.99950684
1.0007655
-1.0003357
0.99946955
-0.57392571
0.99932908
-1.4672957
1.5916602
-0.99985479
0.99985036
-0.99953675
1.1134523
-1.0005667
1.0006957
-1.154327
0.99945757
-0.99945127
1.4981164
-1.2656014
1.0004445
-0.9995107
1.3751887
-0.99952228
1.1355093
-1.0004992
1.0002718
-0.99931502
0.99979718
-0.99934293
1.0005801
-1.3812123
1.3980509
-1.5220987
2.2434731
-1.3744878
1.7231325
-1.0006374
0.99955131
-1.0001771
0.9996351
-0.99959111
0.99999415
-1.5305444
1.2900061
-1.4526991
0.99953249
-1.1157337
0.99975638
-0.99950121
0.99932236
-1.0020978
0.99927171
-1.0002155
0.9998648
-0.99962159
1.0005151
-1.5027818
0.99928868
-1.0002701
0.99963194
-1.0146927
1.1375477
-1.0001954
1.0342977
-2.2841016
1.0118378
-1.4816481
1.5096565
-0.99955393
0.999892
-0.99933272
0.99939947
-0.59268846
1.0002755
-1.0005288
0.99921668
-0.99940121
1.000373
-1.076564
1.0601098
-1.0001368
1.0005576
-1.7145095
1.2123174
-1.0003601
1.1681555
-0.9993085
1.0526382
-0.99990236
1.0004395
-1.1341013
0.82763925
-0.99946789
1.2779258
-2.2440846
0.99921115
-1.0888001
1.0005859
-1.0005238
1.7213183
-1.0007342
0.9993342
-0.99943189
1.1492053
-0.99922702
0.99976872
-0.99933239
0.99976708
-0.99903141
1.0004147
-0.99965766
1.0004506
-0.39000976
1.1792216
-1.0277602
0.99949264
-0.99952512
0.99954128
-0.99934413
0.99972343
-0.99966374
1.1173041
-1.0000405
0.99988433
-1.7866914
0.99943228
-1.8371028
0.99975621
-1.000469
0.99964571
-0.99915889
0.99979971
-1.0005982
0.99952497
-0.89991777
0.99970585
-1.0001128
0.99947556
-1.041938
1.0004832
-0.99954504
1.0000489
-1.9658011
0.99937675
-0.99959452
0.99956739
-0.98210836
0.99960329
-1.0356576
1.0006518
-1.1812323
0.99948291
-0.9998164
1.2187204
-1.0005643
0.99973237
-0.99999454
1.027116
-0.99949789
1.3211526
-0.99950518
1.0351402
-1.2991553
0.99989099
-1.0001646
0.99973319
-1.0003677
1.396121
-1.0005664
0.9992942
-1.1447165
0.99948813
-1.2461687
1.7311371
-1.0005719
1.7870249
-1.6731955
0.99937091
-0.71603911
1.0005416
-1.0000197
0.99951689
-0.99954921
0.99974788
-0.99933913
0.9998165
-0.99989276
0.99931742
-0.999582
1.0902531
-0.99928394
0.99999348
-1.4869318
0.99970425
-0.99956553
1.2064542
-0.99968181
0.9997174
-0.99927663
1.0006156
-1.0001623
0.99964752
-0.99970379
0.99957641
-1.3796871
1.0005981
-1.00025
0.99970082
-0.99962716
1.1114861
-1.0000941
0.99919124
-0.99964562
2.3357549
-1.0002047
0.99978323
-1.6087633
1.2865299
-0.99949071
1.0004446
-0.99924868
0.99929764
-0.99975825
0.99957987
-0.99995098
1.6320932
-0.96916428
1.1318928
-1.0003375
0.99956926
-0.81473179
0.99979943
-2.0965241
1.0588427
-2.1213447
1.0002363
-0.99946642
1.0675105
-1.0002581
0.99928407
-0.99917506
0.99973861
-0.97270427
0.99948992
-0.99946976
1.0002757
-0.99986638
1.0007166
-0.9994507
0.99975695
-1.0004607
1.9504689
-1.4056559
0.99944486
-1.6448335
1.0005565
-1.2178805
1.0004469
-1.7225105
0.99937278
-2.021034
1.0507098
-2.2666183
1.1684464
-0.99942206
0.99964834
-0.99989742
0.99944158
-0.99955445
1.0000006
-1
1.6955867
-1.0862183
0.99936907
-1.0000476
1.0002525
-1.0002965
1.0000487
-1.000575
1.1005726
-0.99944123
0.99958829
-1.0003102
1.7827505
-0.99942174
1.000204
-1.0003133
1.3258906
-0.99950947
1.2033061
-1.0001535
0.99962791
-1.0005665
0.9999534
-1.0005803
0.99947263
-0.99968682
1.0002036
-1.540044
0.99965213
-0.64504957
1.0003278
-1.414708
0.99953973
-1.0004507
1.0004252
-1.0004567
1.1167247
-0.99960861
0.99941895
-0.99936425
0.99968752
-1.0005343
0.99972465
-1.0003503
0.99946138
-0.99937335
0.99957566
-1.9006789
0.9996441
-1.0020768
1.3586113
-0.99993258
0.99969149
-0.89312269
1.1541569
-2.4751566
0.99956684
-1.0006765
1.1762221
-0.99944277
0.99960403
-0.99961015
0.9997287
-0.99966925
1.2115025
-2.2817801
0.99938625
-1.0004362
3.1011065
-0.99996837
0.45702027
-1.0003771
1.0006085
-2.2255009
1.1508417
-0.99912302
1.0003139
-0.99932051
0.99976832
-0.99927545
0.99999218
-0.93630931
0.99942231
-1.0345013
1.2084463
-1.0003665
0.99960201
-1.0001964
1.0941405
-1.2232248
1.0002874
-0.99930778
0.99930806
-0.99932215
1.2854454
-1.4170846
1.0004405
-1.0000247
0.12255299
-1.9722169
0.89246702
-0.77506756
0.99954971
-0.99932429
1.0004722
-0.99930864
0.99961592
-1.0006191
1.0003874
-0.99949885
1.0267212
-1.1207267
1
-0.99953531
1.0839156
-1.4338242
1.044012
-0.99948697
1.3820529
-0.99943017
1.3103159
-0.99999451
1.5579482
-1.6029041
0.99981266
-0.9993073
1.4076202
-1.0001729
0.99943598
-0.99944341
1
-0.99985788
0.99950306
-0.48858635
0.99947441
-1
0.99982293
-0.99990194
0.99971529
-1.7244307
0.99955161
-0.99951757
0.99911643
-0.99960756
1.2799135
-1.885834
1.3272642
-0.99917015
1.0006039
-1.0902632
0.99992237
-1.0002737
1.7729885
-1.1372718
1.0001962
-1.0007048
1.206832
-1.0002557
1.0001756
-0.9996511
0.99952386
-0.99937645
1.5598206
-1.161669
1.0003573
-0.99993044
1.3243936
-0.9994633
1.2867932
-0.99954884
1.4171925
-1.7871406
1.0000603
-0.9999272
0.99946466
-0.99938807
1.0003644
-1.8215544
0.99958283
-1.7544008
0.99967906
-1.8359727
1.1275958
-0.99936144
1.0007037
-1.0001062
1.1662882
-0.99951955
1.3292024
-0.99974432
0.99961533
-1.1413388
0.99992618
-1.0002863
0.99988263
-1.2836342
0.99979292
-1.0000526
1.0001902
-1.6434956
1.0007792
-0.99938941
1.0006136
-0.62607275
2.2296435
-1.0007336
0.99984976
-1.6587516
0.9994678
-0.99983881
1.0005278
-1.0140214
0.99990662
-1.000582
1.0002736
-0.99917902
1.0000964
-1.2147716
0.99940238
-0.99949636
0.99947861
-0.99949119
1.0003499
-1.1726505
0.87181595
-1.8742332
0.99950962
-1.0528872
1.0003456
-0.99946063
0.99958592
-2.4202315
1.0002958
-0.99951121
1.0004094
-1.0003033
1.0003387
-1.6884117
1.3521968
-0.99941619
0.98863316
-0.99945881
2.1712635
-1.0005017
0.99988509
-0.99957996
0.99960898
-1.0900304
0.83006993
-1.1209653
1.051361
-1.3470057
0.9996147
-1.0004681
1.0002309
-1.0005233
0.99973963
-0.99949225
0.99959613
-0.9994955
0.99942581
-1.0001833
0.99988143
-0.99927175
0.99920958
-1.732268
0.99961534
-0.99933347
0.99991686
-1.0003524
0.9994267
-0.99977767
2.4111467
-0.99999097
1.0005038
-0.99976808
0.99939104
-1.3698079
0.9996501
-1.0001096
1.009339
-0.99943632
1.3921177
-1.1295234
1.0001251
-0.99962495
0.99986119
-0.99974597
0.99991894
-1.00018
1.0995797
-0.99943838
0.85561646
-0.99945481
1
-1.1418823
1.4905316
-0.99941599
0.99950953
-0.99949096
1.0296646
-1
1.7416214
-1.0004992
1.0005645
-0.99943635
0.99945845
-1.7830846
1.231444
-1.4418671
0.99962464
-0.99939525
1.000551
-1.4129347
1.0002796
-0.99930143
1.6597876
-0.99966181
1.6134562
-0.99943752
1.0002428
-1.0005272
0.99955947
-0.99914252
1.2928768
-0.99941345
0.99939518
-1.053121
1.5278998
-0.9995468
1.0002122
-1.7387231
0.99929556
-1.0002128
1.6944358
-0.99921896
1.0008105
-0.99934944
1.5720307
-2.074964
1.6218982
-1.5074119
1.0006998
-1.0002968
0.99930556
-0.99969361
0.99926131
-1.0004
0.99936446
-1.8494457
1.0474491
-1.4638287
1.0771328
-0.86689529
1.0257762
-1.6571376
0.99947057
-1.0006329
1.4092194
-1.0006222
0.99980105
-2.0508945
1.0004847
-1.5291197
1.0735522
-1.3499674
0.99990081
-0.99945918
1.0000755
-1.4241213
1.0002205
-0.79005057
1.0256034
-0.9993078
0.99951378
-1.3284517
1.0004987
-1.5809206
0.99956415
-1.0394564
0.999717
-0.99938084
0.99971519
-1.0001377
0.99959648
-0.99985289
1
-0.99991494
1.4232101
-1.210034
1.5235243
-0.99943283
1.0001421
-1.5751347
0.99983133
-1.2241617
1
-1.0002628
1.1237317
-0.99955611
1.0005983
-1.0002293
