0.49562781
-0.27202066
1.0006192
-1.1464635
1.0258167
-0.48401342
0.16477561
-0.99999996
0.56100368
-1.0429972
1.2107974
-0.5069996
1.0007627
-1.0000959
1.4497442
-0.11990882
1.274213
0.40547021
1.0000891
-0.89273973
0.079479508
-1.6307813
1.0254901
-0.19907192
1.0006185
-0.89968554
0.31058993
-0.73004119
1.0001326
-0.92197907
1.0838579
-0.99928369
0.088132391
-1.0090786
0.28059222
-0.45148564
1.0004001
-0.92218869
0.25134029
-1.0549488
0.9498184
-1.0002073
0.54115515
-0.21317649
0.20898215
-0.4492891
1.3391337
-0.4370275
0.11825018
-0.067282517
0.84478758
-0.30495301
-0.084379303
-1.0000646
0.99953234
-1.2035926
0.65821095
-1.0005453
0.80709562
-0.45269275
0.092085503
-1.0469127
0.76743254
-0.43212756
0.43858389
-0.91735994
1.3732142
-1.0004654
0.99990667
0.52094216
0.23947577
-0.97211408
0.60990203
-0.6315684
0.65134975
-0.66993362
0.47987056
-0.20277005
-0.42645934
-0.40402102
0.23482656
-1.382928
0.019957201
-1.0005556
0.71112557
-0.58887579
0.99959087
0.46171663
1.0652934
-0.777888
0.86113692
-0.57981273
0.087802521
-1.0156144
1.3006773
-0.91631783
-0.031319577
-1.3251386
1.243228
-0.63035051
0.30610227
-0.99971702
0.34716119
-0.99999968
-1.0531765
-0.74105868
1.3102962
-1.3458455
0.073615904
-0.64365408
0.38105778
-0.46131641
0.71384937
-1.353373
0.62269088
-0.061473499
1.2495272
-0.99923739
1.0005506
-0.62315167
0.31879661
0.473125
0.40514222
-0.32488706
0.75214494
-0.31263136
0.41378659
0.27536372
0.99437347
0.48184051
1.1883081
-0.82200195
0.83858171
-1.510299
0.94630236
-0.26702211
-0.51531865
0.045582538
1.7431252
-0.99999996
0.58773564
-0.19902007
0.69035722
-1.0000542
1.0001506
-0.31280378
0.32908898
-0.99344491
0.89471705
-1.0129521
0.81637535
-0.42057006
0.51350997
-1.0000181
1.0002233
-0.7794097
0.9996799
-1.0002077
-0.18165432
-0.26792211
0.34200299
-0.22817885
1.2133311
-1.0126973
0.99952767
-0.8767016
1.0002557
-1.2322568
-0.030598255
-0.60536208
1.4979245
0.60144203
1.0000831
-0.588767
1.144579
-0.39327952
0.017929095
-0.60505468
0.70866772
-0.90130294
1.0007714
-0.18619348
0.36952723
-1.0002791
1.0056516
0.022248553
1.0002772
0.12853792
0.10501065
-1.0992298
0.89922812
-0.40556438
1.7298833
-1.0159322
0.52472779
0.048154707
0.64411773
-0.16606391
1.0007485
-1.3737909
0.75532351
-0.87646816
0.5556807
-0.835949
0.62881264
-1.0005135
0.75647512
-0.98768025
1.4396675
-1.0471658
0.99964092
-0.43362439
1.1344558
-0.068894872
1.0377461
-0.55589632
0.44349317
-0.18453461
0.2978986
-0.32874775
-0.21021257
0.074926979
1.5918134
-0.44046935
0.28014113
-0.28177697
0.28459121
-0.8056243
1.0008249
-1.0619684
0.99995036
-0.6902288
1.1414371
-0.31149105
0.62086593
-0.4386954
0.6370118
-0.2358056
1
-0.99021996
0.58483648
-0.34921041
0.64055074
-1.0002888
0.2428652
-0.78433558
1.1455059
-0.78078945
0.8483259
-0.68808448
0.99957762
-0.3492811
0.70457214
-2.0012646
1.3736556
-0.4084274
1.6493485
-1.6378914
1.696195
-0.23777035
0.62249433
-0.73123002
0.29201562
-0.42124924
0.60615185
-0.55562618
-0.2493226
-1.4463917
0.068820313
-0.88571822
1.493005
-0.96232503
0.58791082
-0.75944939
-0.17885558
-0.69995277
0.57496246
-0.99963628
1.5431535
-0.99999996
1.0003964
-0.40524915
-0.29661426
-1.0537254
0.80942643
-0.45483233
0.91437007
-0.99974453
1.0004477
-0.49441387
0.99971028
-0.98609288
0.90285417
-1.5438209
-0.16832014
-1.1868231
0.61719729
-1.4205934
1.8492797
-1.3959329
0.55014582
-0.99999996
1.3565313
-1.7131932
0.36521474
-0.25087413
0.70119575
-0.26914893
0.87761953
-0.51178795
1.0007871
-0.6824934
0.4998202
0.34857899
0.85725199
-1.2150236
-0.44998307
-0.99941493
0.33322333
-0.5684615
0.86603019
-0.78739485
-0.43131717
-1.000018
0.88114596
-1.4380492
1.6122005
-0.19360019
0.9997843
-0.95925252
0.95042212
-0.084574109
0.44614753
-1.012367
1.3550821
0.41189793
0.066051828
-0.72579793
1.0660182
-0.71565571
-0.1113579
-1.2654839
1.3379824
-0.99982772
0.99986941
-1.0002956
0.84512515
-0.4105095
1.0007963
-0.36129767
0.79624386
-0.45841003
1.0287545
-0.2678471
0.20521767
-0.64477782
0.0042586651
-1.0003509
0.93679477
-1.3122064
1.7019506
-1.319651
1.4073621
-0.47695992
0.54844083
-0.93609977
0.27584101
-0.155812
1.0000335
-1.2991494
1.0001033
-1.2512133
-0.11387326
-0.98409172
0.7899226
-0.64825028
0.58550039
-1.2371152
0.99981046
-0.99955989
0.6356856
-0.061472872
1.1438016
-1.3336233
0.75863849
-0.42556026
0.56805325
-0.66687798
1.2635487
0.56095816
1.0213387
-2.6006258
0.99992875
-0.99997221
1.4140916
-0.17258027
-0.14119271
-0.17784949
0.99954429
0.38742152
0.77431344
-0.34849975
0.11712779
-0.53941279
-0.23610522
-0.89107285
1.1758045
-1.0000234
0.55428939
-1.0002569
1.1382791
-0.60214045
0.9989182
-0.99971762
0.81272229
-0.57751516
0.9243206
-1.0000907
-0.31555637
-0.25612592
0.6113023
-1.8524335
0.74777202
-1.0002547
0.59226887
-0.48014647
1.6986156
-0.62574635
0.9993164
-1.4042152
1.1393415
-0.15753989
-0.30276959
-0.8918101
0.083096905
-0.80368013
-0.38021467
-0.20327855
0.15661012
0.12190008
1.0476861
-0.99950034
0.6814235
-0.20040645
0.78828484
-0.31330493
0.50189918
-0.64175942
0.91942791
-0.82133496
0.6733144
-1.7428275
0.59276627
-1.3978158
0.0070086789
-1.3018766
0.19624321
-0.50395371
1
-1.0001862
-0.69486572
-0.19418708
1.0873036
-0.53160102
0.56180858
-0.99693799
0.087916592
0.5349006
1.0006074
-1.3650646
0.25116878
-0.099809809
0.69130818
-0.27479342
0.71709546
-1.0001352
0.04386442
-0.86056923
0.75424643
0.0045802396
0.99943399
-0.29783352
1.0001016
-0.86056438
1.000156
-0.63411242
1.0555995
-0.57842158
1.2523208
-0.80482383
-0.053721823
-0.70498273
-0.24064776
-0.57520454
1.2106174
-0.5233252
0.81043245
-0.9993464
-0.18417028
-1.0996267
1.5794507
0.35696933
1.7667457
-1.5294328
0.62414869
0.067701538
0.50929478
-1.0004854
0.76979225
-1.0001107
0.78918151
-0.71491924
0.67515946
0.21077109
1.000622
-0.21200146
1.0076634
-0.048063704
-0.61221635
-0.99977762
-0.0022626946
-0.24712448
1.1998278
-0.10512167
0.64856181
-0.72167876
-0.10094249
-0.0100894
0.67768432
0.069042646
0.38645974
-1.1829678
0.40990492
-1.1541832
-0.26341558
-1.000041
1.3611708
-0.54257571
0.63465526
-0.98948245
2.0748479
-0.87242128
0.2381695
-1.0773959
1.0002715
-0.22022673
0.89794226
-0.42184226
0.85580632
-0.43527972
0.30300774
-0.0087485255
1
-0.21578073
0.84566724
0.087715822
0.88248755
0.35468079
0.28016009
-1.4775757
1.0466468
-2.1541736
1.0008748
-0.19964091
1.0002445
-0.78741738
-0.62568038
-0.3951685
0.73962294
0.9405937
1.0064867
-0.39216947
0.99954529
-0.88528041
0.34737645
-0.39772391
0.60253996
-0.096553636
1.7841125
-1.2911267
0.59364793
-1.0121362
0.86085462
-0.99971236
0.56525198
-1.3609541
0.67629365
-2.0978876
0.90780556
-1.6321979
0.50010031
-0.99940401
0.9421813
-0.60232568
0.88247132
-0.27531629
-0.01517667
0.35795765
1.433911
-0.90084182
1.2019973
-0.37481998
0.30625859
-0.99935611
0.66745448
-0.76592923
0.99960882
-1.0002526
0.42944778
-0.96863512
1.0569233
-0.73666917
1.0502267
-0.57788192
1.662326
-1.0005186
1.0003746
-1.2738194
0.28876139
-0.56602904
0.29245354
-0.89733339
0.39648836
-0.54432832
-0.16018131
-1.3753668
0.43315346
0.038451894
0.94777463
-0.88008493
0.39628075
-1.0240021
1.2699827
-0.99946106
0.68738367
-0.7918174
-0.17574219
-0.80374402
0.37649018
-0.84066966
0.24064946
-0.16718314
0.9098424
-0.77164656
1.0868507
-1.2490641
0.46568371
-0.79459996
1.2555994
-1.0002412
0.3139665
0.16011345
0.88996196
-1.9119788
0.11277172
-0.1599805
0.99968477
0.040887732
0.53150655
-1.264724
0.42704827
-0.59283936
1.409112
-1.490858
0.4639639
-1.0058634
1.8390218
-1.0002835
-0.18940311
-1.0004293
0.8938773
-1.4327678
1.0000351
-0.94190761
0.90318281
-0.39241294
0.50066307
-0.27091539
0.0070659705
0.45138422
0.72685081
-0.82885034
0.99976209
-0.75524262
0.22173722
-0.84462823
0.69645892
-0.83543968
0.99959877
-0.27450247
0.97851633
-0.10281387
1.0006098
-0.99924046
0.99034444
-0.73501015
-0.39212664
-1.3828147
-0.065314333
0.27277033
0.93098603
-0.46578516
0.81454258
-0.65067221
0.94283844
-0.27223204
0.96043222
-0.83719757
0.72239418
-1.0432656
0.38167902
0.4078596
0.99990659
-1.1787269
1.0194453
-1.000479
0.99915041
-0.66860948
0.61379414
-1.0002148
0.99951339
-0.99961314
-0.0016425123
-0.53581286
1.0003401
-0.38210424
1.0597216
-0.35017687
1.137215
-1.5666268
-0.016317049
0.48021326
0.016570136
-0.99948073
0.54932415
-0.88748496
0.36011479
-1.6090018
0.70666373
-0.5089948
1
0.1194414
0.83112206
-1.9346901
1.0504104
-0.99978846
0.23792132
-1.3414212
0.72668139
-0.25233863
1.0902814
-1.1558757
1.0258946
-1.0001314
0.82829933
-1.0004971
0.043138429
-0.68021784
0.59554257
-0.8490732
1.2350019
-0.99999996
-0.062825034
-0.44805605
0.92957838
-1.0347232
1.091072
-0.99953451
1.3515319
-0.99936891
0.44248249
-0.58257482
0.066499309
0.19472489
0.71757773
-1.0002536
0.30255986
-1.0003446
0.049041493
-1.4822524
0.86328846
-1.0004117
0.99913815
-0.61285396
0.90820094
-0.98548581
1.0941259
-0.36042875
0.88428944
-0.94910161
0.99958837
-1.0003543
0.6433915
-1.0000398
0.86785294
-1.1568931
0.99977879
-1.0521582
0.57204403
-0.97902521
0.30133468
0.70504544
1.0090532
-0.19767754
0.99994419
-0.99966275
0.5691984
0.084416426
0.66031914
-0.99972741
0.99994787
-0.25466079
0.96593606
-0.99946972
-0.16032151
-0.99928028
0.57554516
-0.28981479
0.53686395
-0.17258754
0.91645128
-0.99959521
0.23013714
-1.0001518
0.62455156
-1.0001318
0.7505238
-0.57488444
-0.94638939
-2.0449583
1.0006625
-0.99911034
0.14615772
-0.71143465
0.84999641
-1.2595764
1.0009292
-1.00071
0.097600958
-0.99997231
1.5352443
-0.38430065
0.71536488
-0.3870274
0.84693645
-0.9995032
0.6124804
-1.2310943
0.86809876
-1.0004291
0.88269675
-0.50083016
2.0349267
-0.54135957
0.15268032
-0.66316638
0.44639194
-0.38858959
0.83825706
-0.72787161
0.54672719
-0.36488067
1.002684
-1.1862843
0.54115656
-0.94002406
-0.17846737
-0.3207098
1.0005278
0.42072049
1.9706281
-0.72447089
0.7869665
-0.65645294
0.43785755
-0.89542939
0.73610324
-0.52791573
0.99968181
-0.83059401
1.1687933
-0.57943007
0.86670514
-0.79196834
0.44711502
-0.64680563
0.63976431
-0.68688072
0.78829509
-0.54666885
0.24667333
0.005451168
-0.51659846
-0.9900155
0.99971258
-0.46641966
0.36905068
-0.61341563
0.63988612
-1.2757461
1.8908408
-0.95557822
0.99994189
-1.2526865
0.95423674
-1.3973573
0.75015928
-1.3680661
1.0002187
-0.99957332
0.99035391
-0.59960922
0.81777856
-0.7361022
0.99968822
-0.6549109
1.3389971
-0.90726216
0.89248913
-0.82949955
0.99676883
-0.84305544
1.5297979
-0.0037970125
0.1439472
-1.2933697
1.295462
-0.065484531
0.74127403
-1.2971748
0.30979434
-0.14712463
1.8140138
0.25272098
0.54672656
0.048602543
1.0159201
-1.4070666
1.8573104
-1.1669477
0.53721364
-0.60289197
1.095744
0.047821916
1.0004844
-0.44673202
0.57760288
-1.5186629
0.9443538
-1.5565932
1.2599621
0.21996858
0.99979151
-1.8199513
0.60869459
-0.75891533
1.2806429
-0.74670241
-0.25978316
-1.3882387
-0.15955726
-1.5143908
0.99977681
-0.99969181
0.088102565
-0.36419114
1.2679212
-1.1806639
0.91687758
-0.18837974
1.1458699
-0.78714532
0.58899172
-1.0937291
0.99986708
-1.1394344
0.77776751
-0.99973633
-0.15450339
-0.64416982
0.47196228
-1.0000486
0.743511
-0.6788206
0.89887919
-0.52593581
1.0001942
-0.99999996
0.99988054
-0.68327555
0.99992735
-1.4370437
0.92834669
-1.0600563
1.0003519
-0.85593536
0.99917175
-0.74974235
0.96261265
-0.25928804
