1.0002763
-0.99984237
1.1225607
-1.5575991
1.0003217
-1.0004674
1.0008386
-1.1185491
1.0004142
-1.0482526
1.1678969
-1.0005419
1.0004866
-0.99970051
1.5698112
-1.0003337
0.99949521
-0.99925711
1.3525449
-0.99957173
0.99931817
-2.0288661
0.99944734
-0.99935037
1.0009256
-1.0005005
0.99944073
-0.99938975
0.99988166
-1.4251785
1.7446032
-1.4739189
0.99947272
-1.2595395
0.99922415
-1.0002884
0.99959572
-1.0006959
0.99992021
-1.000476
1.0003478
-1.6355678
0.99945575
-0.9997412
0.99939791
-0.99944212
1.8177505
-0.99924153
0.99941418
-1.0005244
1.0008157
-0.99953606
0.99947968
-1.4282623
1.0004475
-1.4411175
1.0404498
-0.9992866
0.99953523
-1.000431
0.99983951
-1.2807752
1.000706
-1.0004584
0.99982596
-1.0460653
1.4547458
-0.99943983
1.5473111
-0.9993945
0.99905035
-0.99925609
0.99967667
-1.0004483
0.99949678
-1.0001987
1.00099
-0.99940406
0.99957145
-0.99930865
0.99947448
-1.395398
0.9994253
-0.99971642
0.99985836
-0.99949585
0.99956545
-0.99947141
1.0002931
-0.99986972
0.99924586
-1.0008384
0.99950014
-1.5450221
0.99981533
-0.99928935
0.9993613
-1.1228309
1.8339141
-0.99957243
1.0004807
-1.5928498
0.99915005
-0.99949709
0.99930337
-1.7002495
1.0196507
-1.4903989
1.0007349
-1.0001985
0.99931072
-0.99938843
0.99962688
-1.7598278
0.99989187
-0.99978662
1.0005069
-1.2735917
1.1059693
-0.99956893
1.000506
-0.99948477
0.99953633
-0.99989636
0.99930801
-0.99958422
0.99970749
-0.9993797
1.0004577
-0.99953593
1.3623937
-1.0003529
1.0005435
-1.3649726
1.0002345
-0.99963291
1.000997
-0.99992476
1.1777924
-1.5192148
0.99935959
-1.0000168
1.0004555
-1.5052574
1.000584
-0.99945689
1.0003878
-1.1757217
1.0004968
-1.5573557
0.99921183
-0.99966909
1.0006487
-1.0415331
1.5473775
-0.99961761
0.99958509
-1.2496082
0.99965303
-0.99954818
1.0007381
-1.0005757
1.5654112
-1.8081354
1.000623
-1.0003172
1.4402357
-1.0004218
0.99939265
-1.0006686
1.2374466
-0.99940388
0.99986497
-0.99977032
1.0052702
-0.99959288
0.99946733
-0.99931141
1.0006243
-1.00044
1.3091665
-0.99955214
0.9996336
-1.5379067
1.8463672
-0.99966651
1.0003154
-0.99918183
1.000496
-1.3118275
0.9995263
-1.4226782
1.1802167
-1.3260974
1.0000252
-0.99935237
1.1669465
-0.99946985
1.000796
-1.6928337
0.9994898
-0.99938956
0.99963461
-0.99923197
0.99945692
-1.0002639
0.99977389
-0.99934035
1.7937716
-0.99936809
0.99930794
-0.99922459
1.0349727
-1.0009022
1.000552
-1.0000297
0.99945392
-1.0004957
0.99948393
-0.99975922
1.0003111
-0.99968631
1.3340026
-0.9995194
1.4188666
-0.9995289
0.99957326
-0.99932165
1.1206749
-1.4693753
1.5256397
-1.0005696
1.1762188
-0.9997448
1.000137
-0.99960342
0.9997662
-0.99978657
1.0686912
-1.0002663
1.0004402
-0.99937944
1.0004755
-1.0156664
0.99935938
-1.0003413
1.2316138
-0.99990817
0.99926674
-0.99929532
1.0074244
-0.99934433
0.99956637
-1.9004672
1.3478181
-0.99946963
2.5885502
-1.4773668
1.7343015
-1.0003729
0.99958445
-1.3707138
1.0005079
-0.99921718
0.99942399
-1.000487
0.99964682
-1.4713114
0.99933421
-0.99919202
1.4811573
-1.8392323
1.0350989
-0.99945903
1.00046
-1.0001366
0.99902708
-1.5563295
1.4024826
-1.3189467
1.0004382
-0.99958666
0.99975088
-1.5545185
0.99959184
-0.99931867
0.9998195
-1.0005192
1.0008316
-0.99981543
0.999447
-1.000187
0.99909214
-1.9912786
0.99918661
-1.7091845
0.99929526
-1.7667311
1.2551608
-2.0838111
1.458782
-0.99901425
1.0004608
-2.4803101
0.99922578
-1.00013
0.99941668
-1.0005846
0.99924001
-0.99943306
1.5474354
-1.2907537
1.2397858
-1.00073
0.99930517
-1.6582923
0.99981193
-1.5727344
0.99980979
-1.0004086
1.0007463
-1.0004485
1.0004417
-1.0413194
1.0004103
-1.1971917
1.6809324
-1
1.0004572
-1.0006814
0.99970101
-0.99919788
1.0003668
-1.5551627
1.5347724
-0.99942184
0.99939995
-0.99988522
1.074728
-1.0006298
1.0007288
-1.1777404
0.99945726
-0.99956801
1.5411212
-1.2671371
0.9995603
-0.99924973
1.3640796
-0.99975408
1.0611267
-1.0005473
1.0003461
-0.9996391
0.99932571
-0.99974469
0.99949719
-1.3988064
1.4374222
-1.4940189
2.2256548
-1.3940342
1.8160019
-1.0006027
0.99950445
-1.0006253
0.99947431
-0.99961052
0.99970473
-1.5813685
1.2995768
-1.5004104
0.99957802
-1.1568588
1.030112
-0.99967852
0.99978559
-1.0713249
1.0227457
-1.0003273
0.99951208
-0.99947643
1.0003703
-1.4950841
0.99944234
-1.000338
0.99986555
-1.0202602
1.1773429
-0.99948216
1.0171772
-2.241314
1.0556488
-1.5739889
1.5168998
-0.99957591
0.99992037
-0.99934574
0.99957814
-0.99944651
1.0006004
-1.0005522
0.99960398
-0.99915607
0.99944708
-1.0538707
1.122343
-1.0005988
1.0004023
-1.7360245
1.1905921
-1.0006236
1.1702042
-1.000105
1.0996298
-0.99961633
1.0003367
-1.1884185
1.0004274
-0.99940892
1.3119047
-2.2387186
0.99955265
-1.1107861
1.0003884
-0.9994414
1.7267531
-1
0.99922133
-0.99969611
1.1154814
-1.0008128
0.9998096
-0.99925893
0.99936555
-0.99926933
1.0004226
-0.99930862
0.99979598
-0.99940636
1.1745766
-1.0816856
0.99936453
-0.99928531
0.99958053
-0.99927165
0.99930905
-1.0005228
1.1708963
-1.0003725
1.0007707
-1.80074
0.99952337
-1.7911422
0.99936096
-1.0324007
1.0008005
-0.99965718
1.0003799
-1.0001205
0.99972727
-0.99935813
0.99941997
-1.0005237
0.99926859
-1.0921019
0.99961933
-0.99934275
0.9999495
-2.0143903
0.99960072
-0.99943231
0.99932023
-0.99938705
0.99945488
-1.0281623
0.9998763
-1.240276
0.99956445
-0.99957346
1.3725226
-0.99936931
0.99993696
-1.0004611
1.0001004
-1.0003569
1.3783255
-0.99929624
1.0116882
-1.3773416
0.99953726
-0.99954922
0.9997717
-0.99943834
1.4385412
-1.0007896
0.99920853
-1.1646042
0.99965365
-1.2458192
1.6836665
-0.99956786
1.6982878
-1.6277423
0.99945377
-0.99939926
1.0006266
-1.0002436
1.0002308
-0.99931702
0.99978095
-0.99932329
0.99996993
-0.99982779
0.99956403
-1.0001547
1.0285254
-0.99960216
1.0005244
-1.5391938
1.0004178
-0.99968561
1.2100798
-0.99978828
1.0002572
-0.99961951
1.0004385
-0.99960076
1.0006335
-0.99931564
0.99937633
-1.3823159
1.0006353
-0.99930618
0.99959172
-0.99980107
1.1257135
-1.0002542
0.99922404
-0.99984193
2.402593
-0.99914596
0.99945954
-1.6035391
1.1949032
-0.99921401
1.0005959
-0.99928296
0.99953095
-0.99926501
0.99947269
-0.99946497
1.6694391
-0.99954224
1.1427433
-0.9996857
1.0005731
-0.99950758
0.99966218
-2.100415
1.0997949
-2.1371256
1.0005821
-0.99950075
1.0631054
-1.000265
0.99959619
-0.99949915
0.99955641
-0.99942675
0.99968252
-0.99921478
1.0007197
-0.99923134
1.0006738
-0.99952936
0.99993654
-1.0002756
1.94283
-1.3845147
1.0004307
-1.6183228
1.0006037
-1.3494568
0.99950396
-1.8948691
1.0005084
-2.0850338
1.0513598
-2.377252
1.1829681
-0.99927166
0.99929259
-1.0008819
1.0005835
-0.99950808
0.99946307
-0.99932436
1.702942
-1.1298683
0.99954643
-1.0005264
1.0003068
-0.9994758
0.99937501
-1.0005062
1.0824344
-1.0002781
1.0004521
-0.99935919
1.7861417
-1.0006435
1.0006712
-1.0003081
1.3476079
-0.99916357
1.1503523
-0.99962141
0.99937046
-1.0004601
0.9993068
-1.0005425
0.99939356
-0.99944547
0.99953475
-1.60735
0.99934688
-0.99939264
1.0004384
-1.3993675
0.99970604
-1.0004558
1.0006838
-1.0003926
1.1726582
-0.99953115
0.99975731
-1.0004697
0.99971754
-1.0007129
0.99963853
-1.0003056
0.9992564
-0.99934348
0.99966946
-1.9067577
0.99970827
-1.0748713
1.3521651
-1.0005931
1.0005103
-0.99943191
1.3141504
-2.4851108
1.01329
-1.0101485
1.1000899
-0.99914935
0.99957714
-0.99975108
0.99960184
-0.99966837
1.1548219
-2.2591757
0.99958406
-1.0001681
3.2238261
-0.99926847
0.9996288
-1.0005419
1.0004869
-2.2705395
1.0814039
-1.0005467
0.99948464
-0.99928927
0.99952527
-0.99922752
0.99946624
-0.99961904
0.99950242
-1.0456609
1.2563393
-1.0000542
1.0005685
-1.0002605
1.1515956
-1.2311753
1.0005555
-0.9994974
0.99958682
-0.99932868
1.2996677
-1.4407871
1.0004333
-1.0003011
0.884172
-1.8715874
0.99951784
-0.9994437
1.00051
-0.99927774
1.0004801
-0.99931716
1.0000699
-1.0003102
0.99953032
-0.99922779
1.0406971
-1.0470644
0.99978592
-0.99927149
1.10316
-1.4366025
1.0147874
-0.99960654
1.3647828
-0.99965449
1.2851377
-0.99933479
1.6738845
-1.6652879
0.99972484
-0.99934248
1.3932363
-0.99999957
1.0002304
-0.9996152
1.0003933
-0.99967061
0.99980227
-0.99939066
0.99956791
-1.0004765
0.99950206
-0.99966041
0.99963322
-1.6705771
0.99944184
-1.0005229
0.99989706
-1.0006406
1.3600557
-1.7982159
1.3635074
-0.99944387
1.000469
-1.0793296
1.0000543
-1.0002171
1.8832279
-1.0700468
1.0004014
-1.0008689
1.2426427
-0.99977064
1.0005732
-0.99947134
0.99929852
-0.99940943
1.5711122
-1.2383636
1.0003493
-1.0005453
1.2921905
-0.99956486
1.2394081
-0.99926992
1.4285667
-1.8337844
1.0001376
-1.0002317
0.9996266
-0.99943385
0.99941134
-1.8300398
1.0000692
-1.8923531
0.99950774
-1.784439
1.1835879
-0.99973406
1.0002937
-1.0002047
1.1808161
-0.99953019
1.3403916
-0.99965477
0.99954317
-1.1324339
0.99916416
-1.0004231
1.0007066
-1.2921063
1.000439
-0.99961244
1.0004241
-1.6397394
0.9993694
-0.99915009
1.0006694
-0.99931677
2.4807352
-1.0002237
1.0469753
-1.6912895
0.99959293
-0.99921863
1.0007153
-1.035228
0.99925949
-0.99946094
0.99988822
-0.99956399
0.99950226
-1.2086842
1.0002578
-0.99968787
0.99961851
-1.0008731
0.99956672
-1.1964024
0.99916159
-1.932252
0.99926214
-1.1127156
1.0000426
-1.0004525
0.99955386
-2.3914426
1.000439
-0.99935554
0.99992338
-0.99927577
0.99938761
-1.7698813
1.4202346
-0.99948561
0.99971509
-0.99984188
2.2232691
-1.0001746
0.99957408
-0.99950281
0.99993265
-1.0463256
0.9996463
-1.0776591
1.1506443
-1.364789
0.99966812
-1.0001337
1.0004275
-0.99944745
0.99977092
-0.99977154
0.99948339
-0.99942384
0.99940589
-0.99943722
1.0004272
-0.99984184
0.99972681
-1.7307771
0.9997898
-0.99941397
1.0009419
-1.0004081
0.99956144
-0.99950718
2.4691777
-1.0001783
1.0005128
-1.0005693
1.0002051
-1.5318345
0.99954083
-0.99961771
1.046392
-0.99945459
1.3668916
-1.1086442
1.0000204
-0.99946954
0.99947622
-0.9993996
0.99985906
-1.0004018
1.0933475
-1.0636967
0.99944275
-0.99994961
0.99938126
-1.1806787
1.4780611
-0.99977159
0.99951608
-1.0006922
0.99932294
-1.0007559
1.750635
-0.99950137
1.0005513
-0.99953129
1.0002628
-1.7763855
1.1814859
-1.4509922
0.99927378
-1.0006029
1.000588
-1.5156215
0.99999981
-0.99929879
1.737282
-0.99984658
1.6064288
-0.99997908
1.0002724
-1.0001254
0.99942805
-1.0005228
1.2386106
-0.99951757
0.99926585
-1.0171754
1.4639678
-0.99982602
1.0004528
-1.7647127
0.99980369
-1.0000687
1.6625354
-0.99944763
1.00024
-0.99981899
1.6404401
-2.0920167
1.6562374
-1.5510292
0.99937205
-1.0000936
0.99954146
-0.99935261
0.99954426
-1.0004572
0.99977515
-1.8602559
1.0794907
-1.5188669
1.0534236
-0.99929126
1.0886181
-1.5530674
0.99955425
-1.0003404
1.3618971
-1.0007945
0.99967428
-2.1224516
1.000891
-1.5631093
1.0345288
-1.3483023
1.0000019
-0.9991958
1.0007031
-1.4176259
1.0006074
-0.99919816
1.0591804
-0.99921655
0.99945525
-1.4030385
1.0003939
-1.6048381
0.9995341
-1.0116633
1.0008122
-0.99939678
1.0007611
-1.0002823
0.99945427
-0.9994185
1.0000133
-0.99952249
1.3984951
-1.1757352
1.6687915
-0.99960455
1.0004858
-1.583631
0.9993689
-1.2757822
1.0007293
-1.000054
1.1248826
-0.99939833
1.000482
-0.99933457
