0.72889137
-0.35908486
1.1242672
-1.4147079
1.0006237
-0.96732772
0.61699473
-1.000406
1.0003984
-1.0407687
1.2117716
-0.8866589
1.1430115
-1.0197317
1.4450035
-0.60384132
1.3260918
0.26284117
1.0008525
-0.9997778
0.16578171
-1.6744596
1.0268226
-0.54350485
1.0001356
-0.93784853
0.7324541
-0.97311485
0.99999999
-0.99901254
1.285824
-1.1334671
0.4127439
-1.2050087
0.45936891
-0.9620949
1.0002805
-1.0001638
0.51458
-1.0003147
1.0005355
-1.0007961
0.72662222
-0.49412327
0.66736148
-0.79640546
1.5050012
-0.39586539
0.27537075
-0.62379176
0.93189541
-0.67454532
0.0087791566
-1.0359564
0.99949014
-1.2953139
0.99931779
-1.0002646
0.96839532
-0.87259462
0.066491068
-1.0183653
1.0002893
-0.83538329
0.52244106
-1.00051
1.4514747
-0.99957069
0.99958658
0.23981855
0.47606334
-0.99945231
0.69335813
-1.0007298
0.80937374
-1.0006488
0.70431465
-0.56817041
-0.41264512
-0.6386371
0.58722877
-1.2722881
0.65185495
-0.9997801
0.83862106
-0.67549616
0.99987867
0.11775336
0.99999999
-0.9993084
0.99955382
-1
0.46551697
-1.052182
1.1210152
-1.0008568
0.14799354
-1.364767
1.3811917
-0.96926429
0.86051458
-1.0657885
0.52387591
-0.99966531
-1.0068852
-0.99999323
1.1156363
-1.3673227
0.66865254
-0.98105635
0.52341429
-0.60954377
0.80851285
-1.5941715
0.99999999
-0.41299567
1.0460356
-0.99955642
0.99940578
-1.0001867
0.97845097
0.16424154
0.52040531
-0.99952153
0.999793
-0.74653542
0.86787252
-0.11287047
0.99999999
0.027385856
1.277186
-1.0005891
1.0002389
-1.4989178
1.0007182
-0.3914915
-0.083490175
-0.11757155
1.6697512
-1.0834067
0.66685982
-0.66163311
0.84738266
-1.1119138
0.99999661
-0.71917388
0.53183944
-1.0002823
1.0002887
-1.3783959
0.99999808
-0.9957191
0.55044438
-1.0004744
1.1703282
-1.0008837
1.0001873
-0.99997278
0.32775044
-0.6532319
0.62586462
-0.86125107
1.3971393
-1.3325176
1.0000208
-0.9999441
1.0008706
-1.0108815
0.068924135
-0.80372734
1.3201822
0.36437601
0.99959522
-0.88869228
1.2266967
-0.52150725
0.32577049
-1.0008881
0.92666061
-0.99978271
1.2095444
-0.52912589
0.72738846
-0.99909216
1.4048724
-0.048643616
0.99932299
0.19983295
0.44006492
-1.249339
0.99922709
-1.0001062
1.4623759
-1.2775249
0.77570596
-0.32723194
1.0004315
-0.42772484
0.99963248
-1.242145
1.0005207
-0.99974805
0.61592182
-0.85079344
0.81444309
-0.99982158
0.81561183
-1.0008818
1.4405464
-0.99917123
1.0005423
-0.48480713
1.1228923
-0.64270555
1.1008675
-1.0002332
0.6845589
-0.36956819
0.59972326
-0.46298899
-0.36073125
-0.0098860032
1.4635156
-0.77503542
0.89111771
-0.70414249
0.43712885
-0.99984534
1.0002271
-1.1489231
1.1917476
-0.99984566
1.1673346
-0.52658734
1.0005622
-0.67343982
0.84163057
-0.60724194
0.99960924
-1.000527
0.99986076
-0.47714166
0.96647095
-1.1697309
0.22565228
-0.89141518
1.2733219
-1.0002618
0.9996578
-0.80967588
1.0830985
-0.37173079
0.73988708
-2.0946001
1.3248312
-0.55994693
2.0020798
-1.8226011
1.7958098
-0.54431174
0.68739809
-0.99996387
0.61205417
-0.57273841
0.76751137
-0.99580831
0.0056920051
-1.5100019
0.21211471
-0.99961285
1.5369321
-0.99970452
0.96805922
-0.99943427
0.04526322
-0.95136967
0.55703925
-1.2458686
1.6562814
-1.0006398
1.0002614
-0.56746901
-0.073726575
-1.3844045
1.0005041
-0.64377258
0.99949848
-1.0005072
1.0005558
-0.90286034
0.99957281
-0.99994702
1.0006764
-1.913448
0.14389469
-1.3781314
0.74697749
-1.713478
1.7754858
-1.7731674
1.0001538
-1.0296576
1.1861384
-1.9692344
0.61957934
-0.6865141
0.88900937
-0.77912918
0.8396727
-0.78603507
1.1978942
-1.0004284
0.99977914
0.25643583
0.99939495
-1.4950828
0.20848072
-1.2381376
0.47261064
-1.0007567
0.99011442
-1.0000195
0.011744843
-1.0002719
0.99917105
-1.3750419
1.5592498
-0.58538199
0.99957668
-1.0005438
0.99934528
-0.021106255
0.75245408
-1.1119711
1.4667808
-0.21266577
0.43725267
-0.70570648
1.0805202
-0.99990095
0.71641512
-1.1986275
1.1654025
-0.99983204
1.1527423
-1.1843344
1.0003346
-0.55447228
1.2884789
-0.47738532
1.0003094
-0.7864312
1.083611
-0.37030861
0.65857865
-1.0002053
0.37268133
-1.0350673
1.0005259
-1.3961305
1.9890548
-1.3622625
1.578792
-0.84876337
0.90008237
-1
0.71725419
-0.57463202
1.0002646
-1.393963
1.0161785
-1.3994349
0.20487905
-1.0673312
1.0008793
-0.84420205
0.72990267
-1.0849313
0.99934859
-0.99982259
0.84787385
-0.5605024
0.99999999
-1.4362244
0.95862883
-0.6439397
0.88038366
-0.95512042
1.1524601
-0.039847156
1.1173084
-2.5593645
0.99974551
-0.99951887
1.5363747
-0.74862085
0.21609737
-0.54346853
0.99940548
0.29813447
0.99952274
-0.73738682
0.25867715
-0.8259118
0.10395673
-0.9993162
1.1201682
-1.0001847
1.000527
-1.4010057
1.1883272
-0.99918508
0.99919869
-1.0004403
0.99932112
-0.98296402
0.99941544
-1.0008513
-0.017977019
-0.48491029
0.99971367
-2.144412
1.0001679
-1.0446784
0.90216397
-0.76522433
1.7390132
-0.99975295
0.99984285
-1.2840187
1.218446
-0.36658296
0.00024790257
-0.89063021
0.33445425
-1.0004714
0.19938385
-0.52963281
0.38711203
0.17220982
1.1833621
-0.99987527
0.98773816
-0.30131101
1.0005182
-0.27441406
0.91970969
-0.8400854
1.0003279
-0.99935398
0.98933881
-1.7062214
0.99426926
-1.7149366
0.56059657
-1.397192
0.52466093
-0.75029208
1.0004924
-1.0005902
-0.33794674
-0.25680094
1.1860701
-0.71153596
0.85739768
-0.99995546
0.38819108
0.33553948
1.0004145
-1.4792111
0.14022016
-0.23011079
0.99955859
-0.38403387
0.99964419
-1.000544
0.62863235
-0.99997239
0.84007322
-0.48382223
0.99979063
-0.2980728
0.99964526
-1.0124228
1.0006413
-0.60240087
1.1606544
-0.88975154
1.0731139
-1.0003685
0.072489618
-0.82799293
0.60989304
-0.84222699
1.2832523
-0.99977217
0.96127391
-1.0007941
-0.073843033
-1.1818572
1.7850162
-0.33878651
1.8606635
-1.731781
0.77967276
-0.12548151
0.9038975
-1.0000333
1.0003148
-1.0008529
0.99928923
-0.99948108
0.99975503
-0.24828586
0.99949772
-0.37518964
1.1891481
-0.44078156
-0.28246211
-1.0001358
0.39490086
-0.44281793
1.2863603
-0.44283324
0.68249455
-0.80138706
0.11473176
-0.6036745
1.0005124
-0.26817137
0.41358313
-1.2330545
0.75097051
-1.0985974
0.2144689
-0.99998191
1.3972517
-0.83873599
0.77486758
-0.99997033
2.3286698
-1.0007701
0.45221846
-1.3161374
0.99950083
-0.441006
1.0002791
-0.55302464
1.0004631
-0.47864681
0.81474879
-0.13788076
1.0702885
-0.29929503
1.000543
-0.30116634
0.94451904
0.1950555
0.92134241
-1.7156182
1.1629073
-2.2441087
1.0002355
-0.36693167
1.0069766
-0.77441218
-0.32386823
-0.51906004
0.99965041
0.76528785
1.000438
-0.62232154
1.0006886
-1.0001305
0.8568135
-0.32640963
0.93988866
-0.62238689
1.7697478
-1.4694212
0.99982754
-1.2658049
0.99970448
-0.9998788
0.9362318
-1.4271723
0.74180879
-2.1637677
1.0000225
-1.8779108
1.0001245
-1.0004739
1.0000795
-0.91173672
0.9998198
-0.61635405
0.25291997
-0.021541595
1.4263711
-1.0002108
1.0959346
-0.52642583
0.84081001
-1.000299
0.9446493
-0.99977295
1.083627
-1
0.66074944
-1.0000291
1.4304426
-0.93654147
1.0676984
-0.85959404
1.425356
-1.0006081
1.1062559
-1.1602926
0.50472537
-0.94361717
0.37709779
-1.0006358
0.5445379
-0.91933294
0.33553526
-1.4189061
0.45502471
0.074384678
0.98803351
-1.0003935
0.58685134
-1.0633021
1.2591509
-1.0003016
0.99947514
-0.83666832
0.14008048
-0.9995786
0.7195776
-1.000637
0.2480691
-0.98849034
0.99940065
-1.000176
0.99924858
-1.4661419
0.79585031
-0.99966325
1.3439765
-0.99987744
0.83890397
0.054264212
1.0004332
-2.1487445
0.48467939
-0.7639298
1.3744501
-0.21118466
0.75775096
-1.184661
0.57119296
-0.86422818
1.5628124
-1.8925868
0.69049964
-1.0005
2.3363511
-1.0002144
-0.30510972
-0.99989384
0.99995703
-1.842087
1.0067258
-0.99945134
1.0000828
-0.5773661
0.61561343
-0.77726591
0.23893475
0.10804911
0.99970203
-0.99887041
0.99970229
-0.925338
0.60909685
-0.9997438
1.0001203
-0.99990869
0.99935648
-0.50028639
1.0005822
-0.1911044
1.0052271
-1.0432176
1.0001916
-0.86406684
-0.23976312
-1.819081
0.12554075
0.03107971
0.99928469
-0.52488135
1.0004702
-0.89949977
1.0005533
-0.74401393
1.0005069
-0.88415411
0.99967091
-1.3316162
0.88887394
0.098907727
0.99984093
-1.1643215
0.99939382
-1.0002919
1.2426686
-0.84327609
0.99992037
-0.99939937
1.0003187
-1.0827986
0.42738738
-0.55205486
1.1391526
-0.53122223
0.99999999
-0.69435543
0.99930779
-1.4755485
0.29558739
0.27051163
0.39106434
-1.0004127
0.7718464
-1.0000578
0.99972579
-1.6579864
0.8673427
-0.53400162
0.99982738
-0.12646208
0.99955673
-2.0342107
1.1783137
-0.99954501
0.68376531
-1.4361458
0.99995477
-0.73395418
1.2926422
-1.1300635
0.99925721
-1.0004414
0.99922129
-1.0000266
0.83574958
-0.99987059
0.84835476
-1.0005808
1.3841437
-1.2224228
0.59361719
-0.74352307
1.0049835
-1.0002854
1.3457602
-0.99923562
1.5219527
-1.3536879
0.99995378
-0.99943418
0.33233677
-0.20857706
0.74688284
-1.2815973
0.62590042
-1.2232143
0.41887228
-1.659401
1.0008797
-1.0005203
1.000726
-0.99509521
0.99975706
-0.96399592
1.297366
-0.43115191
0.99986449
-0.99961763
0.99932782
-1.0002851
0.9661188
-0.9997781
0.99971897
-1.0284303
0.99963724
-1.370756
0.77742479
-0.99932532
0.7056566
0.43843468
1.4817482
-0.79547319
1.00068
-1.325957
0.87297183
-0.18007849
0.92157769
-1.0000104
0.9995866
-0.44288817
1.000098
-1.0006376
0.11273299
-1.2456035
0.9217757
-0.37791196
0.54731485
-0.27688503
0.99989134
-1.0008971
0.20351256
-1.0984558
1.0004303
-1.0003252
1.0000128
-0.85519579
-0.66173511
-2.1726751
1.0000692
-1.0002014
0.75946739
-0.95017558
0.87845562
-1.3913462
1.0006054
-1.0004063
0.46653613
-0.99930518
1.6958848
-0.64615363
0.75225118
-0.78119238
1.0003991
-1.0004239
0.71065543
-1.0684614
1.0006316
-1.21099
0.99986101
-0.98437597
1.6559038
-0.78927764
0.31404423
-1.0002226
0.64840605
-0.64329485
0.95793108
-0.9995014
0.97322339
-0.49278099
1.1629526
-1.3744537
0.83539314
-0.99967724
0.4648444
-0.61500097
1.0004261
0.11848349
2.3091364
-0.823565
0.95390776
-0.69367421
0.34698013
-0.99926341
0.9710055
-0.83143565
0.99943967
-0.89051136
1.406486
-0.98190154
1.0002168
-0.88088165
0.90882182
-0.99995246
0.83903502
-1.0006939
0.99957003
-0.99961277
0.47255295
-0.48778241
-0.2052895
-0.99956157
1.0839007
-0.85720547
0.56280109
-1.0001304
0.9991982
-1.0854451
2.0134266
-1.0005437
1.0000155
-1.2267474
1.0003843
-1.435809
0.99999999
-1.4883315
1.1317432
-1.0003233
1.0001716
-0.9999063
1.0004152
-0.82167249
1.2468997
-0.99956206
1.5354444
-0.99937711
1.0005574
-0.99921488
0.96147779
-0.99318074
1.4490636
-0.1352853
0.37546339
-1.4652639
1.5829908
-0.16216992
1.0002182
-1.3615891
0.89148961
-0.44616589
1.8505261
-0.10810498
0.99175691
-0.16258401
1.076696
-1.6834054
1.6707962
-1.2969556
1.0007149
-0.99911532
1.0658781
0.060957032
0.99938181
-0.98635259
1.0003423
-1.6102094
0.99980861
-1.4123544
1.1353968
0.079982554
1.0111835
-1.9274197
0.65558578
-0.99930791
1.4284369
-0.99633593
0.079215505
-1.6633641
0.36298339
-1.5257022
1.0003798
-1.1597366
0.28441729
-0.79191928
1.0992107
-1.2587098
0.99029835
-0.25761827
1.0975115
-0.87793606
0.84824562
-1.1787759
0.99972883
-1.2003427
0.99978027
-0.99955507
0.29077648
-0.70725024
0.93118456
-1.0004508
0.84656869
-0.69171955
0.99951695
-0.99936466
1.1439199
-1.1282827
1.1379918
-0.9987249
0.99965523
-1.4284549
1.0001274
-1.2984598
1.0003643
-1.000158
1.0539287
-0.9706576
1.0005841
-0.53138128
