1.0000463
-0.99984954
1.1286583
-1.5608304
1.0005533
-1.0003075
1.0003952
-1.1219433
1.0005379
-1.048075
1.1668542
-1.0007004
1.0005667
-0.99967677
1.5727063
-1.0001223
0.99958163
-0.99946194
1.3539232
-0.99990807
0.99998905
-2.0293615
0.99942148
-0.99976686
1.0004076
-1.0001203
0.9997718
-0.99933799
1.0005983
-1.4248645
1.7390005
-1.4749137
0.99968422
-1.2691208
0.99982229
-1.0004123
0.99956288
-1.000586
1.0003221
-1.0006261
1.0000569
-1.6437391
1.0003099
-0.99943227
0.99956544
-0.99966958
1.8189295
-0.99942626
0.99970806
-1.0004933
1.0002911
-0.99962463
0.99939861
-1.4280433
1.0003431
-1.4426334
1.0402305
-0.99945058
0.99948253
-1.0008525
0.9992118
-1.2762173
1.0006963
-1.0004648
0.99989786
-1.0521224
1.4539623
-0.99932561
1.5453415
-0.99966571
0.99966447
-0.99968327
0.99960652
-1.0007569
0.99979117
-1.0004038
1.0002554
-0.9995784
0.99975827
-0.99936634
1.0002133
-1.3923351
1.0007333
-1.0002421
0.99940809
-0.99949533
0.99973767
-0.99951977
1.0006215
-0.99980096
0.99933923
-1.000131
0.99977154
-1.5471416
0.99959472
-0.99959321
0.99953132
-1.1072231
1.8395632
-1.0002288
1.0001733
-1.5978901
0.99981928
-0.99931168
0.9998119
-1.7112488
1.0180644
-1.4872243
1.0004499
-0.99925281
0.99955505
-0.99956383
0.99961342
-1.7578781
1.0004389
-0.99994467
1.0005305
-1.2769431
1.1040013
-0.99955129
1.0001946
-0.99973323
0.99980969
-1.0007433
0.99960115
-0.99982404
0.99951878
-0.99940736
1.0001706
-1.0000315
1.3585275
-0.99982625
1.0004274
-1.3696883
0.99926089
-1.0000959
1.0003925
-0.99920122
1.1822592
-1.5213472
0.99944172
-1.000412
1
-1.5040635
1.0048381
-0.99913993
1.0001957
-1.1825027
1.0004239
-1.5608739
0.999544
-0.99995598
1.0008097
-1.0413554
1.5540021
-0.99950461
0.99918368
-1.2582036
0.99957524
-1.0003482
1.0002362
-1.0006604
1.5604971
-1.8116452
1.0005251
-1.0007444
1.4469654
-1.000243
0.9994216
-1.0003464
1.2437321
-1.0000855
0.99975136
-0.99962424
1.0095104
-0.99950461
0.99926005
-0.99961369
1.0005778
-1.0005711
1.3037281
-0.9994897
0.99954177
-1.5399158
1.8516417
-0.99936689
1.0002209
-0.99932117
1.0007477
-1.3120845
1.0001875
-1.4286107
1.1797368
-1.3299328
1.0001463
-0.99960472
1.1661294
-0.99940398
1.0007283
-1.6908424
0.99927637
-0.99937937
0.99954084
-1
0.99946762
-1.0008496
1.000338
-0.99971407
1.8024309
-0.99967595
0.99956628
-0.99998846
1.0368536
-1.0002857
1.0001333
-0.99971799
0.99912667
-1.0000326
0.99985248
-0.99949958
1.0000442
-0.99972827
1.3359752
-0.99980895
1.423922
-0.99971781
0.99925803
-0.99984562
1.1212499
-1.466342
1.5214785
-1.0005179
1.1787616
-0.99979686
1.000271
-1.0000398
1
-0.99968182
1.0725737
-1.0002381
1.0005469
-0.99935616
1.0000001
-1.0211
0.99947835
-1.0006334
1.2268401
-1.0030679
0.99966188
-0.99943214
1.0110291
-0.99958013
0.99934721
-1.8966144
1.3458038
-0.99940519
2.5779384
-1.4697063
1.7399902
-1.0001499
1.0002227
-1.3717776
1.0002902
-0.99920591
0.99948204
-1.0002966
0.9996303
-1.4672331
0.99973373
-0.99974308
1.4772707
-1.8350262
1.0353359
-0.99955257
0.99926979
-1.0000838
0.99935312
-1.5513309
1.4047718
-1.3123764
1.0001963
-0.9995492
0.99967264
-1.5572685
0.99939103
-0.9993452
1.0004138
-1.0005561
1.0004738
-0.99987404
0.99969821
-0.9998403
0.99942261
-1.9970133
0.9994548
-1.7113618
0.99968655
-1.7690129
1.2495681
-2.0918743
1.4807479
-0.99947691
1.0004446
-2.4844155
0.99954705
-1.0003851
0.99959768
-1.0004851
0.99960205
-0.99933406
1.5477901
-1.2925813
1.2431324
-1.0005181
0.9992622
-1.6598734
0.99937449
-1.5797177
0.99954754
-1.0002332
1
-1.0001944
0.99994203
-1.0497312
1.0004755
-1.1961401
1.6793422
-0.99949589
1.0001964
-1.0004731
0.99962675
-0.99945704
1.0003074
-1.5538795
1.5329252
-0.9998287
0.99931464
-0.99986274
1.0629811
-1.0005218
1.0004545
-1.178382
0.99975362
-0.99980807
1.5520229
-1.2681978
0.99993966
-0.99980049
1.3633648
-0.99954265
1.0647374
-1.000446
1.0003647
-0.9998926
0.99934397
-0.99934191
0.99956165
-1.396377
1.4347253
-1.4952552
2.2236405
-1.388965
1.8207552
-1.0005921
0.99964328
-1.0005102
0.99967602
-0.99954721
0.99995484
-1.5819408
1.2952155
-1.5043174
0.99923055
-1.1636799
1.0310375
-0.99950112
0.99967379
-1.0735571
1.0223156
-1.0007283
1.0005416
-1.0002343
1.000269
-1.4930131
0.99975746
-1.000407
0.99926654
-1.0176664
1.1746543
-1.0000029
1.0121554
-2.2393824
1.0596052
-1.5828806
1.5170675
-1.0000117
1.0001154
-0.9996837
0.9995682
-0.99922117
1.0002304
-1.0005758
0.99944433
-0.99967228
0.99925281
-1.0536994
1.1184546
-1.00066
1.0004745
-1.7397957
1.1900205
-1.0003187
1.1681763
-1.0004735
1.1010891
-0.99958727
1.0004187
-1.1912694
1.0006355
-0.99910641
1.3170325
-2.2378235
0.99994663
-1.1136634
1.0002204
-0.99934347
1.7284394
-1.0007172
0.99975199
-1.0001971
1.1129917
-1.0005794
0.9992824
-0.99955474
0.99944236
-0.99947245
1.000385
-0.999463
0.99990509
-0.99992905
1.1725603
-1.0783991
0.99935965
-0.99924542
0.99965431
-0.99939323
0.99947754
-1.0000931
1.1711169
-1.0008441
1.0007039
-1.7965647
0.99977624
-1.78425
0.99941987
-1.0341978
0.99978994
-0.99975535
0.99971309
-0.99964698
0.99999542
-0.99971855
0.99997877
-1.0006786
0.99946898
-1.0989678
0.999602
-0.99969215
1.0001438
-2.0127224
0.99954455
-0.99954383
0.99941007
-0.99922175
0.99931342
-1.0327439
0.99983751
-1.2429047
0.99942107
-1.0001332
1.3741476
-0.99967608
0.99904268
-1.0002298
0.99974002
-1.0004085
1.3813628
-0.99920499
1.0128054
-1.3817274
0.99938892
-0.99929192
0.9995626
-0.99944141
1.4356427
-1.0006587
0.99943603
-1.1656545
0.99994805
-1.2482819
1.6800308
-0.99952492
1.6965641
-1.6230737
0.99938403
-0.99934999
0.99996243
-1.000493
0.9997932
-0.99913531
0.99951552
-0.99941374
0.99992185
-0.99983221
0.9997611
-0.9995349
1.031304
-0.99924421
1.0004952
-1.5475433
1.0001242
-1.0003533
1.2121107
-0.99954507
1.0005088
-0.99960312
1.0007563
-0.99971688
1.0004412
-0.99995711
0.99946413
-1.3822268
1.0007522
-0.99970146
0.99946711
-1.0002653
1.1280627
-1.0009975
0.99953261
-0.99994381
2.4049119
-0.999837
0.99968339
-1.6000037
1.1921622
-0.99963403
0.99978344
-0.99979861
0.99955232
-0.999488
0.99978337
-1.0004881
1.6715801
-0.99934046
1.1450821
-0.9995604
1.0005323
-0.99950889
0.99942475
-2.1006797
1.1008844
-2.1408159
1.0007438
-0.99999068
1.0620674
-1.0003623
0.99943514
-0.99977324
1.0000083
-0.99950155
0.99969968
-0.9993974
0.9999796
-0.9994465
1.0004369
-0.99921094
1.0005052
-1.0002907
1.9465116
-1.3872008
1.0000396
-1.6101941
1.0005466
-1.3522768
0.99957677
-1.9043549
1.0005028
-2.0895717
1.0534128
-2.3795401
1.1797359
-0.99908757
0.99944163
-1.0001176
1.0004023
-0.99950576
0.99945683
-1.0003246
1.6992938
-1.1340031
0.99907265
-1.0007876
0.99929717
-0.99946097
0.9996195
-1.0005838
1.0886176
-1.0004702
0.9996337
-1.0001598
1.7897092
-1
1.0004201
-1.000634
1.3419256
-0.99946179
1.1532097
-0.99942153
0.99933343
-1.0001054
0.99953444
-1.0007098
0.99942951
-0.99951125
0.99995099
-1.610545
0.99950572
-1
1.0001038
-1.4003799
0.99977189
-1.0002906
1.0005934
-1.0006017
1.1734135
-0.99906381
0.99992929
-1.0003984
0.99967938
-1.0002487
0.99962852
-1.0003073
0.99957348
-1.0000785
0.99939269
-1.9105496
1
-1.0751688
1.3498179
-1.000602
1.0004628
-0.99953976
1.3206632
-2.4832956
1.0134091
-1.0126987
1.0925093
-0.99939818
0.99986363
-0.99993317
0.99968372
-1.0000479
1.1492667
-2.2581509
1
-1.0006807
3.2341236
-0.99957767
0.99947591
-1.0004954
1.0000562
-2.2750673
1.074679
-1.0006901
0.99950081
-0.99933787
0.99962958
-0.99944277
0.99942314
-0.99972853
0.99945952
-1.0452147
1.2567744
-0.99983881
1.0005132
-1.0005443
1.1577934
-1.2332356
1.0006442
-0.99956508
0.99960495
-0.99971148
1.2989644
-1.4406683
1.0006189
-1.0005981
0.99944449
-1.8685477
0.99981956
-0.99924286
1.0004024
-0.99922502
1.0000699
-0.99990393
0.99953223
-1.0001741
0.99970569
-0.99924697
1.0349389
-1.0465527
1.0005041
-0.99980307
1.1049794
-1.4363281
1.013525
-0.99967962
1.3657877
-0.99938645
1.2851316
-0.99952497
1.6713435
-1.6680864
0.99939663
-0.99992793
1.3979046
-1.0002324
0.99991636
-0.99992267
1.0005894
-0.9995624
0.99921551
-1.0000058
0.99972075
-1.0007547
0.99927858
-1.0000363
1
-1.6659481
0.99928183
-1.0005132
0.99964614
-0.99967661
1.3627457
-1.7908037
1.3669229
-0.99983886
1.0007523
-1.0768137
0.99975129
-1.0007882
1.8806466
-1.0662523
1.0007476
-1.0005029
1.2455678
-0.99951206
0.99947961
-0.99993508
0.9995391
-0.99930636
1.5725244
-1.2425508
0.99995784
-1.0005914
1.2891499
-1.0003396
1.2375569
-0.99940137
1.4272526
-1.8353166
0.99995656
-0.99970879
0.9995267
-0.99998134
0.9995582
-1.8332731
0.99982897
-1.8963034
0.99958619
-1.7832381
1.1912597
-0.99985629
1.0002595
-1.000462
1.1820831
-0.99948374
1.3425305
-1.0000149
0.99934577
-1.138264
0.99968214
-1.0006788
1.0001368
-1.2981873
0.99942238
-0.9998886
1.0005012
-1.6385755
0.99917323
-0.99929672
1
-0.99975719
2.4847683
-1.0005538
1.0448412
-1.6892638
0.99964581
-0.99938764
1.0005035
-1.0354323
0.99936096
-0.9995454
0.9998407
-0.99945578
0.99973183
-1.1994055
0.99974292
-0.99940844
0.99981301
-0.9996682
0.99951003
-1.1998272
0.99975759
-1.9254862
0.99965052
-1.1185449
0.99956456
-0.99984951
0.99956903
-2.391343
1.0008068
-0.99975703
0.99947976
-0.99935755
0.99971443
-1.7719593
1.4197585
-0.99970568
0.99966973
-0.99994473
2.2242723
-1.0001698
0.99939452
-0.99984724
0.99964017
-1.0427984
0.99952713
-1.0698041
1.1591774
-1.3629442
0.99906114
-0.99994095
0.99971782
-0.99960286
0.99959898
-0.9997616
0.99972477
-0.99976286
0.99950732
-0.99932003
0.99972441
-0.99929124
0.99936968
-1.7326757
0.99958719
-0.99990026
1.0002466
-1.0004425
0.99957099
-0.99955752
2.4717674
-0.99990654
1.0001005
-1.0008845
0.99989008
-1.5264867
1.0002171
-0.99985746
1.0466709
-0.99962188
1.3683245
-1.1029577
1.0000162
-0.99939322
0.99945532
-0.99950646
0.99941944
-0.99999113
1.0974642
-1.0657873
0.99971753
-0.99970085
0.99975785
-1.1861598
1.4811568
-0.99970873
0.99932755
-1.00056
0.99985051
-1.0007472
1.7519528
-0.99953826
1.0008254
-0.99980542
1.0006863
-1.7806111
1.1751786
-1.4546806
0.99956211
-1.0002873
1.0005156
-1.5156881
0.99982721
-0.99958197
1.7393904
-1.0001363
1.6044126
-1.0000873
1.0006226
-1.0003583
0.99955832
-1.0005484
1.2367036
-0.99981664
0.99971519
-1.0191531
1.4603578
-0.99953179
1.0002395
-1.7647747
0.99999456
-1.0005576
1.6578316
-0.99981232
0.99989282
-0.99966244
1.6468737
-2.0917723
1.6568807
-1.5512871
0.99931052
-1.0003597
0.99955973
-0.99990969
0.99932655
-1.0004565
0.99957219
-1.8601848
1.0781629
-1.5200338
1.0499509
-0.99947795
1.0818165
-1.5509825
0.99962464
-1.0004421
1.3621028
-1.0004663
0.99982504
-2.1272964
1.0003334
-1.5671313
1.0339261
-1.3482062
0.99945622
-0.99969332
1.0002421
-1.4189419
1.000589
-0.99971072
1.0637569
-0.99954024
0.99931334
-1.4053292
0.99979593
-1.6067217
0.99972658
-1.0094703
1.0002103
-1.0000786
1.0004504
-1.0006382
0.99960778
-0.99938417
0.99979894
-0.99985626
1.3951555
-1.1730386
1.6730902
-0.99963275
1.0004785
-1.5786972
0.99940285
-1.2769043
1.0005777
-1.0007745
1.1246318
-0.99939575
1.0005658
-0.99979172
