-1.4617099
0.1387979
-0.33569393
0.50261944
0.055034634
0.86614776
0.68754791
1.1455575
0.070751376
1.3141104
0.20910231
0.80676477
0.38141886
1.0702863
0.96816961
-0.049887081
-0.063791657
-0.09062235
-0.20208762
0.60117524
0.0042218521
1.2377319
0.25334017
-0.097377106
0.37824224
0.24312448
0.67933055
1.3970936
0.86918854
1.0488012
0.57316344
0.67093384
0.335669
0.27811176
1.405969
0.85430373
0.65816745
0.48614209
0.51378492
0.9346214
0.10626296
0.17177179
2.0090045
1.5457041
0.95479982
0.74480454
0.15309904
0.07105334
0.10067047
0.65915596
1.2559482
1.0103915
0.20857731
0.37690851
1.4574335
-0.27491485
-1.0939033
0.39455825
0.3878336
0.90637235
1.0361489
1.4269733
1.1924384
0.64399861
0.49236308
1.4323775
-0.049021961
1.128356
0.28021688
1.6452735
1.290404
1.0923654
0.65295166
1.087441
0.44781396
0.66339767
-0.10838854
0.42439425
0.16960557
-0.84645868
1.4915862
0.30771357
-0.026177117
0.76665486
0.71180873
1.647354
0.99137209
0.57918619
1.3546103
0.71944062
0.7559418
0.89663839
0.22511161
0.012826788
0.017286498
0.83332502
1.1712428
0.666619
0.95138664
-0.30045715
-0.29565605
0.52175039
2.0868853
0.62382916
0.078045437
0.66275578
-0.076370278
0.35667782
0.89003568
1.4073425
0.25244489
0.36448485
1.6273853
1.2079466
1.2352251
1.0543322
0.66557979
0.5649494
0.84218525
0.44764284
0.11428251
0.58227621
0.28777428
-0.24834355
-0.13950295
0.53446829
0.60294469
1.588073
0.32684279
1.7037234
0.77582458
0.94587234
1.8891328
0.41932247
0.68061384
0.48325049
0.44294439
0.25203673
0.792779
1.418591
0.71801724
-0.29015599
0.7996641
0.75072833
1.2626555
-0.17068971
-0.014928588
-0.29547095
-0.4954143
0.0082204653
1.295345
-0.039820573
-0.078208485
1.0578203
-1.4103707
-0.13309005
-0.39499095
0.50693025
0.60863462
0.42185864
-0.46013953
0.95649158
1.7387842
0.65759944
-0.024758226
0.48333954
0.083861681
0.20286608
0.11613423
2.1488609
0.8908178
-0.2039912
0.90020391
-0.13740072
1.3948818
0.78114631
0.33487571
1.1367556
1.2231619
0.8302349
0.71061218
1.31741
-0.030545649
0.99930747
0.82679201
0.080399648
0.26449908
1.1529772
1.9075169
1.1993102
0.84870389
0.63777135
2.0968261
-0.39063661
0.74550784
1.5810502
0.68922107
-0.29245427
0.75886738
0.35869337
0.89276094
-0.6681506
1.0106213
-0.066614343
1.1865695
0.020625277
0.39762989
0.37108672
1.8027244
1.1358816
0.32022078
0.40423426
-0.099989461
0.1143129
0.17302179
1.1575505
1.1924772
1.0704912
-0.24542385
1.1556611
1.1444842
0.10215517
1.3358763
1.0936693
0.088032433
-1.0015214
1.1873161
0.64946078
-0.45118593
0.36715033
0.52464139
0.95049082
-0.22534446
-0.020200027
0.73719396
0.58324355
1.0516127
-0.12330323
0.63439237
0.03505054
1.5862854
0.78199312
0.95761133
0.53788159
0.96144765
1.215816
0.20499229
1.099137
1.3752911
0.58469687
0.31293019
1.3620431
0.36681208
1.3368866
1.3298314
1.3183669
0.2620571
0.41461675
0.34673126
1.4823772
1.0762986
-0.12880303
-0.52996446
-0.26604817
0.80228517
-0.015591546
0.25218838
0.32424017
-0.44108561
1.6180663
1.3753329
0.61198618
-0.2183098
-0.3229862
1.066798
0.48121244
0.34786169
0.81967763
-0.42703877
0.19142487
0.65636869
0.9261821
0.48716828
1.0916598
-0.36953541
0.74150433
-0.19470224
-0.053537794
1.3195143
0.97238489
-0.26099122
0.63101041
1.0574479
0.032173184
-0.21078866
0.69506144
0.51738659
0.8708644
0.0033978126
0.082125225
0.0095302742
1.002076
1.0819617
0.21179769
0.9450823
1.2928354
-1.0510521
-0.092512625
0.82742978
-0.38188049
0.61266235
1.3963015
0.62309678
1.0706564
1.2290304
-0.62144675
0.10729501
-0.047799076
1.9348792
0.99429506
0.148774
1.1298279
-0.091384457
1.0253008
0.59964546
-0.24451643
0.57296057
0.76161269
0.74588748
1.6499501
-0.11440602
0.030810658
0.13476264
0.007821689
0.61727988
1.4684521
0.45766154
1.636714
0.45364936
0.365414
-0.087472377
-0.49458227
1.0088768
-0.98048151
0.20427795
0.077200682
0.33423933
0.93466747
0.17215926
0.59520262
1.8444162
1.8698933
-0.66986533
-0.68307907
1.0328599
0.8826162
-0.11215368
1.0766725
1.0456755
1.8854255
-0.0024882828
-0.26326937
0.36296434
0.95829492
0.51804033
0.50820619
0.81110919
0.70744595
1.1846268
1.3080865
1.3381465
1.7186971
0.33930796
0.53923135
0.22149177
0.9762816
0.17914364
1.7750061
1.1898001
0.61809216
0.51782693
-0.53167493
-0.30841751
-0.19647958
1.9129578
0.092986665
1.0811102
0.62226446
1.0482423
0.7709343
0.81223971
0.80049563
-0.45130494
0.83980855
-0.75483977
0.39367862
0.07063385
1.2311989
0.27385656
1.5233747
0.42635578
1.1079076
0.24432751
0.040662961
-0.53861346
2.2933777
1.3743239
-0.38716135
0.58056456
0.28678688
0.38346968
0.96710628
0.95050017
1.1620749
-1.0751267
0.61569366
0.39454585
-0.045185841
0.14393636
-0.38678507
1.5030232
0.33457582
0.58397326
1.1328806
-0.27740052
1.4263181
0.63017753
0.54073738
-0.022281015
0.64096376
0.37180047
0.39117582
1.1380291
0.53676572
0.48138231
0.90895986
0.058066192
0.030459704
0.57773825
0.40305154
0.95882051
0.47631353
1.1980371
-0.52025003
0.17292952
0.51299109
-0.34155834
1.36569
0.77916253
-0.0062870367
0.2392563
-0.15956585
-0.36095749
0.63873313
0.25113622
0.16813177
0.2846163
1.2502548
-0.19677391
1.219176
-0.24773674
0.70946385
0.21824605
1.1590773
1.0910805
0.23103163
-0.027952
0.20361378
0.35392919
0.037430129
0.38869572
0.53353351
1.3715956
1.6859328
-0.11697619
1.228675
0.29636106
1.0832694
1.2963694
0.90744907
0.63487987
0.98916949
0.88063508
0.87371851
-0.25255449
-0.17259601
1.8448136
0.30566579
0.42607202
-0.84129752
0.23647893
-0.14328535
1.836903
0.95656361
-0.31956576
0.48619417
0.43593072
0.72747871
0.56230852
0.82772942
0.029469374
0.70716192
-0.19375566
0.20933309
-1.5998441
0.093054792
0.18237469
-0.34978037
-0.21639717
-1.4681589
-0.25628229
-0.92266026
-0.30663049
-0.94756694
-0.59841863
0.34559843
-0.95586103
0.9764034
-0.087675678
-0.61130523
-0.73416665
0.05807691
-0.43577448
-0.41908556
-1.1166191
-0.22971054
-0.48725814
-1.6432617
-0.29296295
0.18564074
0.18347637
0.38231694
-0.026574811
-0.5517081
0.56677481
-0.25224775
-1.4356866
-0.27271235
-2.2673234
0.57028246
-0.83222941
-0.79850774
-0.035749212
-1.2624218
-1.0054764
-1.0649212
-0.051593495
-0.50479189
-1.4445854
0.56702812
0.7930222
-0.89879584
-0.72081211
-1.293218
-0.15286181
-0.43761536
-1.7540235
-0.65330599
-1.3777157
-0.68835941
0.17441202
-1.6417793
0.52047961
0.28933918
0.053584482
1.0342064
-0.17943469
-0.95762369
-0.58680802
-0.8790363
-0.060743253
-0.56651989
-1.3454054
0.52183476
-0.59002911
-0.019469182
1.0341151
-0.11075806
-1.6893525
-0.84264211
-0.14312297
-0.20535539
-0.25479654
-1.6919421
-1.0313742
-0.42042427
-0.76413766
-0.53156633
-0.8413837
-1.8756436
0.17065171
-1.3630644
-0.69422719
-0.21942649
-0.021710293
-0.2989555
-1.4011649
-1.4369866
-0.33414814
-0.43587379
0.24601908
-0.67758047
-0.37975178
-0.94756421
-0.97144334
-0.85019331
-0.68804818
-1.3167858
-0.95524738
0.51937023
0.055956994
-0.48684426
-1.5668359
-1.3732108
0.1737066
-0.6778512
-0.67963588
0.20479738
-1.3727982
-0.12980755
-0.74054862
-0.57987958
-0.84900522
-0.21276213
-0.77552767
-0.80545681
-0.65443096
-0.98126016
-0.19044334
-0.36445586
-0.04637885
-1.2689862
-0.9416166
-1.6243213
-1.4949809
-1.6225038
-1.3130894
0.55323915
-0.12680178
0.66182634
-0.94813565
-0.44352925
-0.63868072
-0.96578636
-1.0886233
-0.42771839
-1.7152173
-1.0969293
0.30726406
-0.25876854
-0.71316966
0.74241427
-1.2418297
-1.3136294
-0.18330636
-0.23864855
-0.52911843
-0.40835971
-1.2338101
0.1217649
-0.75330956
-1.0026957
-1.7536565
-0.16454014
-0.54590309
-0.26588622
-1.4717045
0.11330785
-0.59806484
-1.367897
1.2214834
1.1622004
-0.47738196
-0.21877175
-1.0156382
-0.6679862
-0.17255123
-0.66100254
-1.0461522
0.53659218
-0.19076179
0.24521746
0.21119948
-0.90828987
-0.009633401
-1.7237364
-0.56603028
-0.53586685
0.022719845
-0.26250254
-0.058394223
-0.20387657
0.066382915
-1.7572029
-0.64816708
-0.092821971
-1.2674699
0.062510714
-0.58416192
-1.1798643
-1.2105214
-0.12083834
0.1773895
-0.60651903
-0.14496075
-1.7251255
-1.0291798
0.38928503
-1.0287507
-0.13946786
-1.1393857
-1.0704995
0.36435419
-0.22747681
-2.0696751
0.79060311
-0.92705914
-1.0253087
0.082871903
0.25094896
-1.7845707
-0.45052148
-0.46372377
-0.23947915
-0.72311603
-0.24189549
-0.026528425
-1.0229777
-0.56703359
-0.49571006
-0.27440859
-1.7051592
-0.26133156
-0.059334599
-0.62475625
-0.98019804
-1.8363788
-0.65816834
-0.707753
-0.078825837
-2.1176022
-0.18964732
-0.66201651
-0.0078302394
-0.80021675
-1.9342115
-0.74606278
0.73363458
-3.0386184
-1.2677693
-0.46238536
-0.9678508
-0.42743479
-0.79061809
-0.98973023
-1.8705983
0.51145807
-0.35220786
-1.1055022
-0.19126476
-1.5088793
-0.87238783
-0.99228285
-1.0382771
-0.34358465
0.5197557
-1.1293411
-1.2522572
-0.66364907
-0.34689944
-1.4328407
-1.1359234
-0.38122676
-1.2110421
0.56061756
-0.94850677
-0.038089398
-0.72062461
-1.569124
-1.300022
0.72532825
0.24097243
-0.62469749
-1.4750084
-0.032668712
-1.2955881
0.34821607
-0.67862769
-0.14934537
0.048889837
-0.26730336
-0.71877007
-0.49599304
1.3731312
-1.3988439
-0.96354731
-1.7764746
0.035669974
-0.27166835
0.42410541
-0.64399591
-1.6535078
-0.47176926
-0.55580314
-0.99029006
0.50476664
-0.96072655
-1.0092704
-1.2778283
0.52287881
-1.2993923
-0.28069593
0.24150242
-1.3416883
-0.95480398
-0.92283236
-1.9599887
-0.39009258
-0.89413007
-1.5464323
0.6195676
-0.46774698
0.50171233
0.0100196
-1.8306053
-1.1479367
-0.4303978
-0.26221238
-0.58317078
-0.099062114
-0.1096218
-0.26609658
-1.0349044
-0.46903148
-0.5126975
-0.53275088
-0.2318674
-1.031295
0.48029173
0.58647254
-0.75981386
0.36722174
-1.1234865
0.040208277
0.35148381
-0.46595385
-1.6700337
-1.1006656
0.15600142
-1.5123761
0.87614154
-0.88688777
-1.4999443
0.12661671
-0.23263762
-0.095706414
-0.37345054
-0.55470938
-1.1867301
-0.75380431
-0.030478197
0.7794718
-0.80307653
-0.95401833
0.15670498
-0.51543036
-1.431318
0.41039815
-0.13427399
-0.51110877
-0.45130441
-0.085888914
-0.64535241
-0.10275706
-0.99729269
-0.12971264
-0.75854611
0.14256423
-0.23469252
-1.6486029
0.1598617
-0.41508387
0.068504958
-0.55485842
-0.30770555
-0.2546728
-2.2638887
-1.2882926
-0.15056664
-0.15719659
-0.51441849
-1.4543725
0.20240054
0.2407389
-0.80961026
-0.84510534
0.34474669
-0.69982875
-0.20310873
0.96963241
0.054190308
-0.92463582
-0.054049433
1.4357764
-0.53811839
-0.55250525
-0.18920363
-0.41627994
-0.092028018
-0.40246324
-0.97559007
0.10523528
-0.60055835
-0.68818136
-0.29669766
-1.3309575
-1.2847259
-0.56792016
-0.56060441
-0.11167935
0.37024359
-0.61686662
-1.8072563
-0.2698416
0.29681444
-0.48669424
0.4822055
0.0025366929
-1.0531197
-0.70697202
-0.0026905961
-0.50479189
-0.52556542
-0.74103653
0.25160542
-2.2685277
-1.6945677
-1.4952333
-0.60573553
-0.28390881
0.24572445
-0.68208411
-0.024865579
-0.44173497
-0.94469308
-1.4061725
-0.89103275
-2.2368524
-0.71908366
0.17891173
-0.89537241
0.39208451
-0.88101482
-1.755509
-0.66874526
-0.56695004
0.17141915
0.95145057
-1.3030908
-0.63035058
0.54850136
-0.66128202
-1.2434562
-1.228024
0.03043732
-0.15599514
-1.0065615
0.53024304
-0.75340102
0.28660879
0.015120715
-1.7876661
-0.14563565
-1.3018539
-0.25052645
-2.2150053
-0.33533147
-1.0819727
0.42875767
-0.39896063
0.63584088
-0.16602844
0.16716051
-0.19575477
-0.14819021
-1.1080189
-0.86228201
-0.27929009
1.2576748
-2.7016968
-0.63416663
0.6460791
-0.42700401
-0.027762013
-0.22562912
-1.1794506
-2.4261406
-0.88158894
-0.78102063
-0.73764603
