1.0008625
-0.79633038
1.0725659
-1.550288
1.0002274
-1.0005939
1.0002356
-1.0001831
1.0004321
-1.0861011
1.1190674
-0.99995954
1.0638061
-0.99968634
1.548706
-1.0002393
1.2444542
-0.040625749
1.0561007
-0.99972526
0.55766172
-1.781996
0.99984783
-0.99983915
1.0000732
-1.0005893
0.99954251
-1.0003002
0.99944661
-1.1491857
1.5678644
-1.4251912
0.76915977
-1.4320692
0.83019377
-1.0008262
1.0002473
-0.99963915
0.99959526
-1.0000641
1.0000348
-1.1669826
0.99947288
-0.58574836
0.99953439
-1.0000393
1.6707156
-0.42198554
0.44433688
-1.0000761
1.0003315
-0.9996003
0.24531144
-1.1242352
1.0001528
-1.3620863
0.99961538
-1.000468
0.99935323
-0.99961544
0.18889301
-1.052845
0.99968204
-1.0005117
0.99984755
-1.0006597
1.4185316
-0.99965491
1.3102582
-0.36665995
0.78356826
-0.99972479
0.94920338
-1.0006038
1.00025
-0.999685
0.8871661
-1.0002323
-0.17134271
-0.99999996
1.0003729
-1.3678206
0.9995686
-0.99966941
0.99922089
-0.99978222
0.99946533
-0.246738
1.0002992
-1.0005111
0.99928672
-1.000751
1.0003075
-1.3561488
1.0000782
-0.99965338
0.3979247
-1.3664141
1.5845943
-0.99975798
1.0001555
-1.3138396
0.90168347
-0.99988516
-0.52450095
-1.2300882
1.0677825
-1.4546237
1.0001073
-0.9993575
0.6405646
-0.97859462
0.9991279
-1.5951137
1.0002307
-0.82616814
0.99999329
-0.99977918
1.0585304
-1.0002946
0.99963734
-0.12198915
0.73727143
-0.99982959
1.0005548
-0.99943471
0.99989387
-0.66549377
1.0002278
-0.86359198
1.3184394
-0.99978159
0.99943616
-1.4223406
0.99956238
-0.79526328
0.50656375
-0.55625599
1.4172009
-1.3158375
0.83326673
-0.99989878
1.0005114
-1.3330267
1.0004053
-0.99992074
0.83519936
-1.000626
1.0000548
-1.4585764
0.9996276
-1.0001866
0.954089
-1.0304706
1.457888
-0.99989404
1.0004772
-1.1519657
0.99984772
-0.99933968
0.99940083
-1.0003081
1.5217559
-1.4395944
0.99933715
-1.0005647
0.99939343
-1.0003275
0.45304644
-1.0002379
1.2675737
-0.19570388
1.0195283
-1.0003198
1.1484216
-0.82721103
0.77500569
-0.99967038
0.99920369
-0.99943937
1.2993778
-1.0001152
0.99951883
-1.2305291
1.6594389
-0.32968116
1.0003199
0.061689366
0.82382376
-1.2437522
0.99917609
-0.99970634
1.3412411
-1.2393952
0.99966407
-0.99430788
1.000501
-0.7221997
1.0004366
-1.4715565
1
-1.0006209
0.81270293
-0.99946366
1.0003846
-1.0001366
0.99982999
-0.99957062
1.3893098
-1.0003503
0.9993719
-0.80903863
1.1602497
-0.99978806
1.0004233
-0.9995454
0.81027741
-0.62791769
1.0000013
-0.99975079
0.12691698
-0.46859232
1.3852897
-0.99950656
1.0003515
-0.99986353
0.53506631
-0.99964663
1.0439084
-1.2951458
1.4495206
-0.99986983
1.1457911
-0.91939497
1.0000527
-0.99935026
0.99924023
-0.99986625
1.2240884
-1.0008411
1.0003207
-0.72735581
1.0002867
-1.2253878
0.23518012
-1.0004495
1.2266425
-0.99975691
0.99992807
-0.99956561
1.0407177
-0.60404234
0.75780882
-2.0021832
1.3734122
-0.92293351
2.3935008
-1.7574077
1.6377149
-0.99976717
0.99942737
-1.2093918
0.94463588
-0.66624533
0.986905
-0.99936459
0.23403838
-1.4557902
0.47058938
-0.99976743
1.4438043
-1.476562
0.99911063
-0.99948765
0.51208533
-0.99965171
0.81925458
-1.4690181
1.6492431
-1.0007683
1.0004587
-0.91080288
0.26080377
-1.5641681
0.9995832
-0.8966345
0.99928428
-1.0000051
0.99950232
-0.99961251
0.99990659
-0.9994404
0.99926404
-1.9178422
0.57359742
-1.6058519
0.9996449
-1.6324073
1.5404611
-2.0736279
1.0006083
-1.0389349
1.0001326
-2.2452355
0.85060102
-0.99954694
1.0005245
-1.0002698
0.9081169
-0.99992374
1.2655582
-0.99936608
1.001176
-0.07427077
1.0005094
-1.5496672
0.93265625
-1.4422959
0.99933113
-0.99993872
1.0004618
-1.0005154
0.73449614
-1.0636311
1
-1.3630644
1.4218445
-0.99971815
1.0005299
-1.0004374
0.99927466
-0.14415228
0.99990233
-1.3826886
1.5506371
-1.0003642
0.94008449
-0.86785348
1.1888886
-1.0004187
1.0003175
-1.1777092
1.0366692
-0.99986719
1.4805934
-1.355763
1.0004001
-0.91872185
1.4823772
-0.84642922
1.1375857
-1.0006374
0.99946236
-0.87380199
0.99951359
-0.9996347
0.84753018
-1.1006346
1.1674397
-1.5726181
2.1466183
-1.3397813
1.6073041
-1.0001929
0.99929014
-1.0005352
1.0000382
-0.9761245
1.0000408
-1.4306097
1.1581738
-1.4767498
0.79402701
-1.1516094
0.99940928
-1.0004757
0.99917182
-1.000668
1.0003759
-0.99999996
0.99931695
-0.99963552
1.0000661
-1.4742807
0.99949319
-1.0006238
0.99930747
-1.0003198
1.13412
-0.6463283
1.1201329
-2.4519937
1.0061238
-1.2253409
1.4727102
-0.99970451
0.94659806
-0.95853412
0.99942505
-0.0037665194
1.0000856
-0.99948166
0.50336821
-0.9995062
0.71134114
-1.0335234
1.107433
-0.99999996
1.0004538
-1.6602179
1.2041023
-1.0004804
1.0823275
-0.99954339
0.99950255
-0.99974231
1.0004259
-0.99944167
0.38320556
-0.9005443
1.1781985
-2.284045
1.0000807
-1.1994512
0.9994593
-1.0001779
1.8599035
-1.0005468
0.9995449
-0.99992909
1.2183652
-0.6141452
0.50796989
-0.99978299
0.65403863
-0.9998875
0.82315938
-1.0006288
0.65167339
-0.0085943866
1.179612
-0.99972749
0.99975237
-0.64257339
0.99929438
-0.62598932
0.99937081
-0.99981512
0.99941996
-0.99963889
1
-1.8260501
0.99915544
-1.8245404
1.000192
-1.1896568
0.90603301
-0.99953649
1.0001945
-0.99996344
0.3616264
-0.4184207
1.1709076
-0.99989721
0.99934277
-0.99952593
0.99108586
-0.020166327
0.99953122
-1.7388422
0.49558899
-0.53952596
0.99947136
-0.54446651
1.0001653
-1.012694
1.0000558
-0.99965282
0.99974596
-0.99969579
1.0004218
-0.53809881
0.99935873
-1.0003521
1.0052878
-0.74130015
1.2237706
-0.99999996
1.1020203
-1.0730761
0.52112575
-1.0005273
0.9999918
-0.99941049
1.3400295
-1.0003541
0.99961246
-1.0648855
0.42617166
-1.298091
1.8283807
-1.000785
1.7704095
-1.8335285
0.99964501
-0.4402285
0.99955055
-0.99999353
0.99981244
-1.0008066
0.9993202
-1.0000396
0.99966679
-1.0006178
0.99940002
-0.8168125
1.2973566
-0.99966419
0.40822208
-1.280174
1.0004795
-0.95079577
1.1867122
-0.88585947
0.87753417
-0.99957921
0.5018192
-1.0002066
1.0003284
-0.68170673
0.56082806
-1.3013316
0.99943983
-1.0390597
0.63746073
-0.99986217
1.1852627
-0.99964086
0.87452194
-0.99970728
2.3599026
-0.99983448
0.94650337
-1.5508439
1.2129193
-0.82821488
1.0004106
-0.93057596
0.99924471
-0.78197295
0.9991717
-0.56423727
1.3624996
-0.51617288
1.000631
-0.79705623
1.0001295
-0.18483922
0.99999771
-2.0035175
1.1564038
-2.1559093
0.99992654
-0.86154502
0.9994122
-1.0009226
0.16315925
-0.78446547
0.99930471
0.092994512
1.0004543
-0.99972851
1.0000903
-1.0002383
1.0001843
-0.5423397
1.0003018
-1.0005539
1.8603794
-1.4506927
0.99997331
-1.590888
1.0000329
-1.1020999
1.000124
-1.5751879
1.0003404
-2.046787
1.0003131
-2.0599954
1
-1.0005345
1.0003746
-0.99950611
0.9998213
-0.9999453
0.61255223
-0.43246908
1.5093447
-1.0003252
1.000346
-0.92119265
1
-0.99965909
1.0001804
-1.0005984
1.2392121
-1.0001604
0.93639006
-1.0005192
1.6793081
-1.000612
1.0221462
-1.0001422
1.2936168
-1.0004721
1.1729501
-1.0681528
0.87021635
-1.0008928
0.65052266
-0.99960796
0.79270204
-0.99986904
0.99975903
-1.4228219
0.52686306
-0.10012716
1.0006979
-1.114122
0.77758465
-1.0001281
1.1457459
-1.0006942
1.0037333
-0.99986485
0.50254924
-1.0003686
0.9994218
-1.0005441
0.51974717
-1.0000372
0.99908844
-1.0002145
0.99933934
-1.6969249
1.0004365
-1.0004007
1.3186811
-1.0003327
1.0004197
-0.33900416
0.99995256
-2.3295321
0.90104384
-0.99989056
1.3880839
-0.692015
0.99983908
-0.9994678
0.84135224
-0.99950198
1.4337298
-2.2017912
0.99926638
-1.0004051
2.8309111
-1.000986
-0.19188059
-0.99977116
0.99989747
-2.0702797
1.1655949
-0.99963351
1.0003606
-0.82889007
0.86356327
-1.0008267
0.55914856
-0.20348053
0.9992966
-1.011453
0.99957065
-0.99938848
1.000051
-1.0001716
0.99975677
-1.1688169
0.99948834
-0.87345942
1.0000643
-0.57428507
1.1650842
-1.3372042
0.99944663
-1.0001429
-0.18839173
-2.0345308
0.47018594
-0.25667611
0.99928092
-0.74825666
1.0005616
-0.99976937
1.0002658
-1.0004401
0.999592
-1.0006475
1.0006987
-1.2711889
0.99961648
-0.35428449
1.0783833
-1.3505995
1.0001735
-1.0005373
1.4318565
-1.0000503
1.0595166
-1.0006707
1.281728
-1.3710783
0.83858237
-0.92672574
1.4023132
-0.99969759
1.0993516
-0.99955763
0.99930184
-1.2294512
0.55271032
0.0032990491
0.7224371
-1.0002394
0.88477025
-0.99992621
0.9994947
-1.6896172
1.0002884
-0.96918423
0.99936227
-0.6145166
1.0736746
-1.976746
1.2917116
-1.0000625
1.0002575
-1.28122
1.0006314
-0.9999059
1.4824853
-1.2513528
0.99999022
-0.99941095
1.0643088
-1.0003977
1.0003293
-0.99963461
0.99961252
-0.99974261
1.4469154
-1.1927137
1.0001837
-1.0003204
1.1995467
-0.9996732
1.3765249
-1.0006146
1.5796857
-1.6224061
1.0000351
-1.0003417
0.63911778
-0.66685272
0.99911363
-1.5955186
0.8643106
-1.5002282
0.85192856
-1.7481988
1.1117983
-1.0004134
0.99944282
-1.0008379
1.1145158
-0.99969631
1.4235815
-0.54845453
1.0002575
-1.0005948
1.1138006
-0.9998924
1.0002362
-0.99969208
0.99977011
-0.99954583
0.99992285
-1.603967
0.9657957
-0.99969157
1.0003978
0.024643108
1.9123344
-0.99966767
0.99923858
-1.5965354
0.99917644
-0.59980622
0.99941601
-0.99988349
0.99945965
-0.88179236
1.0000879
-1.0003946
0.63351902
-1.2435281
0.99931779
-0.64859427
0.69799974
-0.73984658
1.0003567
-0.99950496
0.35655231
-1.5497892
0.99926434
-1.0008755
1.0005001
-0.99989905
-0.16555767
-2.1392613
1.0001837
-0.99968149
1.0003131
-0.99967486
0.9756917
-1.6106039
1.0830969
-1.0000458
0.88304148
-0.99977685
2.024649
-1.0000132
0.93169418
-1.0005752
1.0000229
-0.99977592
0.76736964
-1.0908065
0.99960335
-1.2671215
0.99992641
-1.0005502
1.4486154
-0.99973366
0.66295927
-0.9993882
1.000071
-0.99436457
1.0001604
-1.0006632
0.99951698
-0.74386979
1.1403406
-1.645
0.9993987
-0.99952026
0.99969953
-0.99962528
0.99941702
-0.39949275
2.4324734
-0.930672
0.99970872
-1.0000743
0.66603789
-1.1183275
0.99959728
-0.99962887
0.99926152
-1.0004817
1.5298813
-1.0001218
1.0005137
-0.97265097
1.0001499
-0.99971328
0.99944724
-1.0000501
0.99930586
-1.0006137
0.61498283
-1.0001303
0.37557066
-1.0272325
1.3182609
-1.0002949
0.85597643
-0.99943627
0.99954508
-0.99995844
1.8011937
-1.0004782
1.0002735
-0.99911684
0.99979467
-1.7003263
1.0801343
-1.5033416
1.0565187
-1.0000328
1.0004284
-1.1044209
0.99980916
-0.99981901
1.3956967
-0.99992706
1.5737073
-1.0007528
1.0002379
-1.0000811
0.99932373
-0.9996681
1.3626423
-0.37677277
0.87108014
-1.2675515
1.639205
-0.40920237
1.0005735
-1.4380077
0.99924302
-0.7252033
1.7751113
-0.58592095
1.0005465
-0.49302495
1.3900946
-2.0163376
1.6248383
-1.4247609
1.0002914
-0.99936019
1.0004246
-0.3292577
0.99943524
-0.99970336
0.9999048
-1.7573378
0.99985685
-1.332928
1.0196778
-0.18992157
1.0823956
-1.843634
0.99958736
-1.0002916
1.4664387
-1.0004799
0.40228419
-1.8093069
0.92877474
-1.5771044
1.1056352
-1.3289926
0.82172569
-0.99976229
1.0002304
-1.2816853
1
-0.44105844
1.0278035
-0.99976398
0.99971206
-1.223638
1.0003976
-1.4201435
0.99937239
-0.99959034
0.97313044
-0.93277104
1.0005897
-0.99961611
0.98323752
-0.83400483
0.99987597
-1.0004249
1.2549406
-1.3038285
1.3354789
-0.99978938
0.9995605
-1.4138803
0.99930505
-1.2893575
0.99991012
-1.0006785
1.1147961
-1.0002061
0.99948523
-0.99974566
