-1.461852
0.13891186
-0.33562351
0.5027471
0.055117985
0.86630087
0.68767685
1.1456671
0.070528981
1.3141876
0.20931149
0.80687758
0.38155401
1.0704833
0.96823854
-0.049892859
-0.063563434
-0.090510475
-0.20198611
0.60122347
0.0045567937
1.2375862
0.25348808
-0.097170866
0.37849211
0.24337828
0.67941394
1.3971358
0.86924171
1.0488358
0.57312545
0.67103767
0.33580743
0.27850571
1.4061283
0.85429694
0.65845998
0.48634489
0.51391672
0.93468691
0.10620177
0.17202948
2.0089483
1.5458142
0.95477082
0.74479004
0.153223
0.071125248
0.10085072
0.65915928
1.2562007
1.0104022
0.20860915
0.37716869
1.4575066
-0.2746673
-1.0936857
0.39464412
0.38796243
0.90659294
1.0362629
1.4270389
1.1924934
0.64408189
0.49247906
1.4325288
-0.048738789
1.1284789
0.28041868
1.6456052
1.2910322
1.0924371
0.6530869
1.0875749
0.44790354
0.66341219
-0.10803292
0.42436152
0.16970067
-0.84630898
1.4918328
0.30786014
-0.025898174
0.76686838
0.71195902
1.6473342
0.99149701
0.57931625
1.3546935
0.71956075
0.75604182
0.89692655
0.22519777
0.012775754
0.017488691
0.83336614
1.1715804
0.66666485
0.95144589
-0.30035592
-0.29550659
0.52196399
2.0867269
0.62388832
0.078080731
0.66265367
-0.076273892
0.35678005
0.88996401
1.4078128
0.25249185
0.36445926
1.6276629
1.2080177
1.2350291
1.0544224
0.66548171
0.56497044
0.8424607
0.44788802
0.11425456
0.58247922
0.28790249
-0.2480696
-0.13959745
0.5345843
0.60314158
1.5880831
0.32676907
1.7040063
0.77608025
0.94607177
1.8890086
0.41940942
0.68066904
0.48334815
0.44330056
0.25216784
0.79301492
1.4186056
0.71819732
-0.28977625
0.79986294
0.75070718
1.2628619
-0.17104121
-0.014956185
-0.2952442
-0.49522132
0.0083998916
1.2954879
-0.039773514
-0.078007473
1.0579774
-1.410165
-0.13255345
-0.39486783
0.50692548
0.60861111
0.42227637
-0.45991625
0.95652897
1.7388305
0.65769709
-0.024374703
0.48309102
0.084090898
0.20291187
0.11650852
2.1489649
0.8910152
-0.20396671
0.89996409
-0.13723355
1.3949667
0.78129966
0.33462167
1.13698
1.2233804
0.83031843
0.71068603
1.3175225
-0.030475614
0.99972829
0.82682221
0.08064505
0.26456063
1.1530979
1.9076271
1.1993274
0.84871479
0.63798013
2.0972708
-0.39032854
0.74549531
1.5810826
0.68930236
-0.29258901
0.75898841
0.35878038
0.89264791
-0.66779979
1.0106865
-0.066336901
1.1869189
0.020556249
0.39770769
0.37139491
1.8030163
1.1359279
0.32085848
0.40460764
-0.09967877
0.11442996
0.17341437
1.1576544
1.1926
1.0704153
-0.24562588
1.1559008
1.1445977
0.10266802
1.3359768
1.0937197
0.088150232
-1.0012139
1.1872724
0.64968696
-0.45093053
0.36724789
0.52470567
0.9506785
-0.22529479
-0.02013208
0.73728569
0.58328881
1.0515853
-0.12329043
0.63443998
0.035283624
1.5864216
0.78220552
0.95786373
0.5379286
0.96168059
1.2161741
0.20518719
1.0994162
1.3754534
0.5848358
0.31305254
1.3623992
0.3669848
1.3371858
1.3302181
1.3183114
0.26226982
0.41499251
0.34695774
1.4824325
1.076463
-0.12846501
-0.52981953
-0.26587651
0.80241907
-0.015447133
0.25276995
0.32448478
-0.4408568
1.6179768
1.3753928
0.61189249
-0.21809
-0.32273418
1.0669739
0.48153016
0.34793507
0.81988436
-0.42688442
0.19167823
0.65634203
0.92607156
0.48710891
1.0921323
-0.36964671
0.74135471
-0.19475493
-0.053240891
1.3197363
0.97249133
-0.26107576
0.63110285
1.0578144
0.03232644
-0.21062669
0.69506312
0.51745029
0.8710203
0.0032945387
0.082253078
0.0096132282
1.0023252
1.0822205
0.2119807
0.94512657
1.2930488
-1.0510183
-0.092171
0.82769694
-0.38140794
0.61274068
1.3967813
0.62311587
1.0706569
1.229073
-0.62110684
0.10723419
-0.047615563
1.9349337
0.99449226
0.14882167
1.1298475
-0.091346271
1.0252499
0.59983007
-0.24411136
0.57322251
0.761397
0.74617112
1.6498144
-0.11417709
0.03079991
0.13476215
0.0080051846
0.61740894
1.4684213
0.45754358
1.6371608
0.45378499
0.36560151
-0.087371986
-0.49419475
1.0090143
-0.98028559
0.20436007
0.077357553
0.33443817
0.93470289
0.17208178
0.59535416
1.8442924
1.8699348
-0.66936438
-0.68289017
1.0327224
0.88249546
-0.11205809
1.0767379
1.0458951
1.885866
-0.0024273485
-0.2631727
0.36288302
0.95867272
0.51817683
0.50831444
0.8112139
0.70763404
1.1848221
1.3084748
1.3380841
1.7188465
0.33924023
0.53927706
0.22178457
0.97651354
0.17918948
1.7751981
1.1900501
0.61828038
0.51799874
-0.5313928
-0.30821571
-0.19634142
1.9130761
0.093336147
1.0811189
0.6225501
1.0483858
0.77114771
0.81220706
0.80052268
-0.45108695
0.84005683
-0.7546402
0.39382618
0.07081748
1.2311905
0.27382895
1.5235407
0.42658561
1.1080419
0.24430794
0.041200633
-0.53856266
2.293358
1.3746535
-0.38707436
0.58077303
0.28722164
0.38352259
0.96740977
0.95071282
1.1623282
-1.0749082
0.61571473
0.39472208
-0.045121069
0.14391129
-0.38685493
1.5029159
0.33482295
0.58417614
1.132999
-0.2772362
1.42637
0.63038917
0.54073418
-0.021888857
0.64115112
0.37178914
0.39147658
1.1382692
0.5368709
0.48126067
0.90920015
0.058256589
0.030906799
0.57807397
0.40336062
0.95894878
0.4764719
1.1981541
-0.52037986
0.17303395
0.51328847
-0.34110392
1.3657829
0.77917277
-0.0060640559
0.23931404
-0.15926294
-0.36073235
0.63874607
0.25169668
0.1682723
0.28483199
1.2501035
-0.19653817
1.2193786
-0.24773341
0.70942771
0.21810958
1.1590856
1.0914371
0.23113198
-0.027870545
0.20375687
0.35410754
0.037482289
0.38884144
0.53363158
1.3717491
1.6860496
-0.11687693
1.2287313
0.29658393
1.0833398
1.2964363
0.90743372
0.63512916
0.98920713
0.88082348
0.87386857
-0.2522627
-0.17234823
1.8449702
0.30586711
0.42620469
-0.84110306
0.23663777
-0.14292429
1.837165
0.9564148
-0.31944763
0.48605834
0.43592097
0.72747492
0.56243657
0.82789804
0.029811462
0.70734905
-0.19379942
0.20931288
-1.5995803
0.093364778
0.1826319
-0.34954999
-0.21618917
-1.467953
-0.25588759
-0.92255934
-0.30674751
-0.9474124
-0.59822384
0.34565498
-0.95559342
0.97656114
-0.087431391
-0.61105491
-0.73409576
0.058183034
-0.43560551
-0.41866211
-1.1164513
-0.22956509
-0.48709276
-1.6430238
-0.29274954
0.18571396
0.18353232
0.38254812
-0.026547233
-0.55135545
0.56695034
-0.25233171
-1.4355539
-0.27260917
-2.2670973
0.57046718
-0.83196298
-0.79846543
-0.035842089
-1.2621339
-1.0053038
-1.0645616
-0.051551653
-0.50451737
-1.4445452
0.56706161
0.79338218
-0.89865671
-0.72076308
-1.292735
-0.15274365
-0.43786843
-1.7536856
-0.65308515
-1.3773866
-0.68817794
0.17462249
-1.6414444
0.52052837
0.28948694
0.053657672
1.0343799
-0.17954336
-0.95736717
-0.58687104
-0.87871622
-0.060611664
-0.56610854
-1.3452763
0.52186518
-0.58983744
-0.019566982
1.0343087
-0.11054882
-1.6887619
-0.84263462
-0.14279262
-0.20518504
-0.25463537
-1.691525
-1.0313413
-0.42034189
-0.76417753
-0.53119727
-0.84111368
-1.8753356
0.17061346
-1.3628514
-0.69407802
-0.21908281
-0.021626518
-0.29877169
-1.4009917
-1.4367491
-0.3339888
-0.43591096
0.24628601
-0.67726234
-0.37977247
-0.94741825
-0.97107808
-0.85010129
-0.68785673
-1.3165196
-0.95526261
0.5196506
0.055997201
-0.48671343
-1.5664957
-1.373009
0.17387762
-0.67744745
-0.67936726
0.20475021
-1.3726417
-0.12998498
-0.74062783
-0.57988507
-0.84907122
-0.21268015
-0.7755352
-0.80504678
-0.65417178
-0.98094557
-0.19016042
-0.36417615
-0.046295344
-1.2690651
-0.94121175
-1.6242614
-1.4947261
-1.6222617
-1.3128552
0.55323152
-0.12650897
0.66204404
-0.94786165
-0.4432982
-0.63859144
-0.96572711
-1.088564
-0.42758618
-1.7152294
-1.096736
0.30732674
-0.25884983
-0.71296235
0.74274989
-1.2416185
-1.3136214
-0.18304069
-0.23859632
-0.52919262
-0.40815754
-1.2338312
0.12182917
-0.75318154
-1.0026153
-1.7532659
-0.16428853
-0.54560355
-0.26585753
-1.4714659
0.11337728
-0.59787329
-1.3675421
1.2217704
1.1622683
-0.4772633
-0.21867651
-1.0154012
-0.66801134
-0.17231068
-0.66063977
-1.0459961
0.5367965
-0.19041668
0.24513236
0.21129455
-0.90807696
-0.0095554197
-1.7232342
-0.56598026
-0.53578587
0.022782423
-0.26235887
-0.058050921
-0.20365264
0.066622769
-1.7568038
-0.64784769
-0.09284129
-1.2675396
0.062473221
-0.58399282
-1.1796398
-1.2103202
-0.12069867
0.17751566
-0.60631496
-0.144763
-1.7249717
-1.0290261
0.38941998
-1.0283931
-0.13939075
-1.1388031
-1.0704928
0.36453777
-0.22716228
-2.0693115
0.79085739
-0.92684193
-1.0249143
0.08313914
0.25120464
-1.7844321
-0.45034311
-0.46356193
-0.23905636
-0.72280576
-0.24185382
-0.026359031
-1.0229395
-0.56686029
-0.49572697
-0.27434825
-1.7051884
-0.26114189
-0.05931178
-0.62445376
-0.98012077
-1.8359813
-0.65794257
-0.70748663
-0.078610129
-2.117543
-0.18964169
-0.66211033
-0.0074691076
-0.79942566
-1.9340741
-0.74591788
0.73375769
-3.0384647
-1.2675691
-0.462189
-0.96760292
-0.42730955
-0.79053387
-0.98923742
-1.8702208
0.51158855
-0.35208603
-1.105151
-0.19092611
-1.5086898
-0.87225564
-0.99216801
-1.0381279
-0.34355307
0.51970425
-1.1289182
-1.2521341
-0.6633023
-0.34673682
-1.4328206
-1.1356225
-0.38113202
-1.2110134
0.56072461
-0.94834031
-0.037904787
-0.72048056
-1.568767
-1.3000274
0.7253402
0.24116822
-0.62453906
-1.4748542
-0.032516084
-1.2952229
0.34856911
-0.67854793
-0.14917913
0.048973842
-0.26717126
-0.71854423
-0.49574073
1.3731496
-1.3984878
-0.96330863
-1.7762493
0.035809027
-0.27153617
0.42423915
-0.64376777
-1.65331
-0.47149187
-0.55583461
-0.9899751
0.5051716
-0.96015189
-1.0090514
-1.2776805
0.52290786
-1.2988239
-0.28045606
0.24171482
-1.3412477
-0.95460335
-0.9228736
-1.9597931
-0.38971242
-0.89384156
-1.5462109
0.61959235
-0.46781319
0.50171508
0.010180015
-1.830307
-1.1478487
-0.43010273
-0.26196047
-0.58310417
-0.098592941
-0.10918298
-0.26583698
-1.0347205
-0.46904866
-0.5121526
-0.53248974
-0.23158794
-1.0311824
0.48057456
0.58656704
-0.75976104
0.36753361
-1.1233649
0.040187896
0.35176054
-0.46571958
-1.6698235
-1.1003343
0.15601162
-1.5121559
0.8764538
-0.8867641
-1.4998375
0.12675515
-0.23240985
-0.095321903
-0.37356531
-0.55438333
-1.1867555
-0.75357801
-0.030187395
0.77968374
-0.80265156
-0.95406635
0.15692764
-0.51515936
-1.4309864
0.41064698
-0.13425277
-0.5110468
-0.45132393
-0.085594246
-0.64509895
-0.10265846
-0.99722888
-0.12959573
-0.75870855
0.14266981
-0.23476549
-1.6485415
0.15993405
-0.41527885
0.068478945
-0.55454602
-0.30765741
-0.2544528
-2.2637726
-1.2882283
-0.15026575
-0.15693725
-0.51411788
-1.4542061
0.202537
0.24089023
-0.80951383
-0.84493232
0.34501952
-0.69974411
-0.20282688
0.97006489
0.054243342
-0.92415932
-0.053847446
1.4358697
-0.53772644
-0.55244689
-0.18918763
-0.41594144
-0.091919033
-0.40197815
-0.97535244
0.10532105
-0.6004436
-0.68786243
-0.29647339
-1.3310396
-1.2843916
-0.56787209
-0.56066268
-0.11147372
0.37052064
-0.61642815
-1.8070148
-0.26966539
0.29701281
-0.48678764
0.48235161
0.0026750935
-1.053066
-0.70653776
-0.0026715692
-0.50451737
-0.52515613
-0.74102362
0.25171214
-2.268184
-1.6943335
-1.4950302
-0.60545346
-0.28363945
0.24592601
-0.68203218
-0.024409007
-0.4416715
-0.94404784
-1.4058141
-0.89063217
-2.2366062
-0.7186518
0.1790474
-0.89514081
0.39203051
-0.88058609
-1.7554453
-0.66853779
-0.56678576
0.17137389
0.95129848
-1.3023631
-0.63040283
0.54855738
-0.66117275
-1.24322
-1.2278083
0.030525026
-0.1559139
-1.0061846
0.53039504
-0.75311122
0.28672569
0.015241193
-1.7876179
-0.14561871
-1.3016648
-0.25028877
-2.2145865
-0.3353515
-1.0818235
0.42896162
-0.3987578
0.63606872
-0.16596381
0.16753943
-0.19559098
-0.14796465
-1.1078614
-0.86175012
-0.27890439
1.2579281
-2.7013159
-0.63388814
0.64604356
-0.42688186
-0.027758968
-0.22534827
-1.1791993
-2.425972
-0.88129023
-0.78083822
-0.73737227
