1.0007032
-0.79607005
1.0727606
-1.5501595
1.0000982
-1.0005119
1.0003531
-0.99919037
1.000428
-1.0860242
1.1193116
-0.99943028
1.0637461
-0.99932265
1.5487649
-1
1.2447044
-0.040692118
1.0564074
-0.99916325
0.55784492
-1.7817103
1.0005378
-0.99960055
1.0002633
-1.000564
0.99976902
-1.0002352
0.99963576
-1.1489952
1.5678227
-1.4251061
0.76918604
-1.4316008
0.83026226
-1.0005789
1.0006814
-0.99943456
0.99964911
-1.0000664
1.0005182
-1.1669098
0.99954672
-0.58580529
0.99991985
-0.99967133
1.6708982
-0.42162822
0.4443422
-1.0000981
1.0004299
-0.99914022
0.24543448
-1.1242628
1.0004023
-1.36199
0.99939794
-1.0003953
0.99966906
-0.99921862
0.18914472
-1.0525984
0.99943108
-1.0005364
1.000075
-1.0004089
1.4185967
-0.99934566
1.3103848
-0.36619447
0.78392584
-0.99937918
0.94936083
-1.0004845
1.0003743
-1.0001421
0.88739108
-0.99990207
-0.17128
-0.99992582
1.0004403
-1.3673318
0.99966059
-0.99975464
0.99940266
-0.99979801
0.99973412
-0.24674391
1.0002085
-1.0001508
0.99954797
-1.0005654
1.0002028
-1.355732
1.0003061
-0.9995905
0.39802706
-1.3660272
1.5846489
-0.99996449
1.0006946
-1.3135866
0.90172912
-0.99961843
-0.52432673
-1.230235
1.0679647
-1.4541939
1.0002646
-0.99953907
0.64077122
-0.97844697
0.99942542
-1.5948169
1.0004632
-0.82605952
1.0002807
-0.99973713
1.0587242
-1.0000089
0.99980417
-0.12183721
0.73751393
-1.0001801
1.000679
-0.99931666
0.99959089
-0.66521746
1.0006817
-0.86341734
1.3185675
-0.99952692
0.9997794
-1.4221427
0.99954672
-0.79514797
0.50674717
-0.55633385
1.4172153
-1.3158368
0.83338841
-0.99974387
1.0006916
-1.3330563
1.0006578
-1
0.83521897
-1.0005849
1.0004753
-1.4582707
0.9994857
-1.0001502
0.95414675
-1.0305886
1.4581441
-0.99974013
1.0002311
-1.1515554
1.0000347
-0.99944408
0.99972761
-1.0002996
1.5216441
-1.4395118
0.99953677
-1.0000671
1.0003671
-1.0001407
0.45307846
-1.0003422
1.2678037
-0.19561739
1.0197059
-0.99998357
1.1485949
-0.82697309
0.77519857
-0.99935398
0.99940713
-0.99939092
1.2996201
-1.0000931
0.99964403
-1.2301362
1.6596453
-0.32970304
1.0003322
0.06189069
0.8240511
-1.2434782
0.99930413
-0.99993164
1.3412265
-1.2393634
0.99971801
-0.99422996
1.0004082
-0.72195808
1.0003448
-1.4714448
0.99980701
-1.0006386
0.81282728
-0.99938705
1.0002804
-1.0003147
0.9999214
-0.99915137
1.3890961
-1.0005755
0.99938308
-0.80890646
1.1602065
-0.99996903
1.0005578
-0.99940212
0.81048211
-0.62773537
1.0003027
-0.9993226
0.12698481
-0.46859056
1.3852471
-0.99944658
1.0006104
-0.9997376
0.53529854
-0.99951361
1.0439279
-1.2949141
1.4498828
-0.99994736
1.1459252
-0.91931677
1.0005395
-0.9992165
0.99922141
-0.99951579
1.2243597
-1.0006757
1.0004585
-0.72734664
1.0008431
-1.2251915
0.23536576
-1.0000525
1.2269221
-0.99946431
1.0002923
-0.99961521
1.0407878
-0.60392315
0.75779805
-2.0020111
1.3733859
-0.92306891
2.3937202
-1.7571438
1.6380611
-0.99933422
0.99918821
-1.2092456
0.94487768
-0.66614487
0.98695218
-0.99926714
0.23411029
-1.4558362
0.47048927
-0.99954134
1.4436606
-1.4764152
0.99928989
-0.99953945
0.51197096
-0.99955036
0.81925447
-1.4687722
1.649311
-1.0007934
1.0004308
-0.91076086
0.26121233
-1.5638773
0.99969208
-0.89647587
0.99940545
-0.9997189
1.0003354
-0.99962512
0.99997972
-0.99923761
0.99955544
-1.9177247
0.57391162
-1.6055202
0.9994447
-1.6322404
1.5407661
-2.0733396
1.0001127
-1.0386989
1.000193
-2.2448564
0.85069034
-0.99949457
1.0005058
-1.000028
0.90811298
-0.99979107
1.2661187
-0.99945687
1.0014506
-0.0742099
1.0009616
-1.5492199
0.93327586
-1.442276
0.99984137
-0.99972092
1.0006428
-1.0002378
0.73487377
-1.0636733
0.99987161
-1.3628514
1.4224584
-0.99949855
1.0005539
-0.99993332
0.99921302
-0.14407681
1.0002203
-1.3824513
1.5507784
-1.0004759
0.94044629
-0.86757395
1.1891335
-1.0004336
1.0007178
-1.1777211
1.0365833
-0.99931578
1.4807953
-1.3554501
1.0005606
-0.91858148
1.4824325
-0.84634706
1.1382665
-1.0004249
0.99934753
-0.87335749
0.99957988
-0.99953203
0.84759811
-1.1001426
1.1677842
-1.5723709
2.1467513
-1.3395168
1.6074291
-1.0005152
0.9994304
-1.0003476
1.0003647
-0.97630731
1.0003332
-1.4304146
1.1582312
-1.4762179
0.79408499
-1.1513806
0.99949601
-0.99971535
0.99929405
-1.0006937
0.99966083
-1.000259
0.9993786
-0.99957352
1.0005143
-1.473691
0.99937435
-1.0004051
0.99972829
-1.0003599
1.1343059
-0.64620971
1.1200207
-2.4515352
1.0061954
-1.2250907
1.4727895
-0.99972332
0.9469454
-0.95830015
0.99965765
-0.0035185154
0.99995091
-0.99931772
0.50350143
-0.9994652
0.71149219
-1.0334786
1.1072921
-0.99973819
1.0005266
-1.6602311
1.2042721
-1.0007216
1.0822806
-0.99926447
0.99943422
-0.99945925
1.0001341
-0.99970562
0.38332933
-0.9004094
1.1785736
-2.2837557
1.0001378
-1.1990558
0.99968822
-1.0000157
1.8601585
-1.0005846
0.99964707
-0.99971634
1.2184774
-0.61402786
0.50813504
-0.99934963
0.65443706
-0.99919851
0.82278194
-1.0003124
0.65192802
-0.0084615789
1.179842
-0.99917764
0.99975081
-0.64255132
0.99951664
-0.62572307
0.99942436
-0.99986575
0.99966013
-0.99966204
1.0004601
-1.8257126
0.99946021
-1.8241836
1.00041
-1.1893628
0.90593942
-0.99945265
0.99999998
-0.99979896
0.36183574
-0.41813825
1.1711153
-0.99966302
0.99925754
-0.99957855
0.99112811
-0.019950573
0.99955721
-1.7385134
0.49575804
-0.53963332
0.99961129
-0.54439477
0.999549
-1.0125244
1.0002733
-0.99968623
1.0000805
-0.99947316
1.0003049
-0.53802938
0.99996983
-1.0003554
1.0055574
-0.74080833
1.223781
-1
1.1020566
-1.0727691
0.52120981
-1.0002292
1.0000235
-0.99957816
1.3399488
-1.0005074
0.9997502
-1.0647225
0.42638796
-1.2979139
1.8285206
-1.0002602
1.7705416
-1.833053
0.99951206
-0.44008135
0.99964854
-0.99983997
0.99960425
-1.0008574
0.99938873
-0.99957164
0.99920461
-1.0005636
0.99933985
-0.81679995
1.2973568
-0.99944433
0.40859693
-1.2801322
1.0004752
-0.9504654
1.1866115
-0.8855242
0.87763298
-0.99945802
0.50193985
-0.99999515
1.0006951
-0.68168029
0.56123993
-1.3011452
0.9995331
-1.0385931
0.63734766
-0.99951553
1.1855465
-0.99921419
0.87450423
-0.9993174
2.3599573
-0.99976437
0.94670298
-1.5507348
1.2130073
-0.82801066
1.0006413
-0.9303228
0.99927988
-0.78171573
0.9996226
-0.56400816
1.3623992
-0.51597514
1.0007357
-0.79680707
1.0003074
-0.18494472
0.99969237
-2.0031325
1.1565232
-2.155645
0.99999998
-0.861474
0.99976481
-1.0004743
0.16338155
-0.78433528
0.99961773
0.093076579
1.0006284
-0.99973665
1.0005549
-1.0001872
1.0006006
-0.54207162
1.0007458
-1.0004786
1.8605033
-1.4505851
1.0003592
-1.5905887
1.0007037
-1.1019173
1.0002202
-1.5747181
1.0003227
-2.0469242
1.0002461
-2.0597807
1.0001576
-1.0004176
1.0006532
-0.99949824
1.00059
-0.99978516
0.61265558
-0.43225456
1.5095749
-1.0002253
1.000316
-0.9207796
0.99999998
-0.99968564
1.0002704
-1.0002716
1.2394475
-1.0000094
0.93643238
-1.0003004
1.6795919
-1.0000891
1.022195
-1.0000604
1.2935471
-1.0003383
1.1732025
-1.0679709
0.87040169
-1.0006236
0.65072537
-0.99917666
0.79293752
-0.99995166
0.99956932
-1.4223072
0.52693831
-0.099698776
1.0005743
-1.1139207
0.77762143
-0.99974682
1.1458367
-1.000545
1.0038487
-0.99978104
0.50258082
-1.0001145
0.99954981
-1.0006382
0.51968709
-1.0004022
0.99946895
-1.0001455
0.99930789
-1.6969376
1.0006615
-1.0004435
1.3188809
-1.0001483
1.0006059
-0.33876041
0.99998423
-2.3293837
0.90134217
-0.99976968
1.3883368
-0.69187199
1.000078
-0.99940704
0.84141952
-0.99949179
1.4338293
-2.2015376
0.99944412
-1.0004233
2.8307972
-1.000567
-0.19187456
-1.0000782
0.99998575
-2.0702186
1.1653932
-0.99937533
1.000353
-0.82869299
0.86383262
-1.0004013
0.5591906
-0.20348229
0.99981773
-1.0113953
0.99987442
-0.99962048
1.0003524
-0.99995288
0.99999998
-1.1688129
0.9993238
-0.87323985
0.99993152
-0.57423225
1.1652633
-1.3371533
0.9992658
-1.0000664
-0.18814407
-2.0343361
0.47033263
-0.25660131
0.99967651
-0.74802429
1.0006108
-0.99947173
1.0002852
-1.0001271
0.99972058
-1.0004846
1.0006028
-1.270719
0.99987029
-0.35417762
1.0786164
-1.3503465
1.0002519
-1.0004054
1.4319787
-0.9999278
1.0596798
-1.0005169
1.281664
-1.3706678
0.83881723
-0.92661801
1.4025185
-0.99965563
1.0993805
-0.99940257
0.99951725
-1.2291759
0.55283139
0.0036142771
0.72240138
-1
0.88512138
-0.99974845
0.99914558
-1.6899417
1.0002665
-0.96890656
0.99941443
-0.61434331
1.0736379
-1.9764081
1.2919837
-0.99975514
1.0003039
-1.281029
1.00052
-1
1.4826746
-1.2510692
0.99988971
-0.99983179
1.0643683
-1.0005537
0.99977936
-0.99963595
0.99985599
-0.99954305
1.4472085
-1.1925363
1.0005331
-1.0003022
1.1997588
-0.99951129
1.376766
-1.0006795
1.5797674
-1.6223407
1.0005355
-1.0005432
0.63936441
-0.66653756
0.99933037
-1.5953773
0.86478569
-1.4999816
0.85219946
-1.7478836
1.1121191
-1.0000861
0.99954822
-1.0000771
1.1148132
-0.99959903
1.4241472
-0.54844332
1.0004841
-1.0005643
1.1138156
-1.0000405
1.000842
-0.99927547
0.99965158
-0.99936427
0.99999824
-1.6036709
0.96599015
-0.99939866
1.000762
0.024983024
1.9131478
-0.99958059
0.99922195
-1.5962295
0.99932093
-0.59969076
0.99954522
-1.000058
0.99976008
-0.88165869
1.0006979
-1.0002011
0.63380503
-1.2433241
0.9995862
-0.64849858
0.69821876
-0.73992541
1.0005952
-0.99947407
0.35652745
-1.5495014
0.99929334
-1.0001775
1.0003372
-0.99938778
-0.1651962
-2.1388644
1.0002595
-0.9997678
1.0007119
-0.99965058
0.97579668
-1.6106296
1.083208
-1.0000582
0.88333781
-0.99957834
2.0245967
-0.999815
0.93185604
-1.0004418
1.0000468
-0.99962096
0.76753361
-1.0902991
0.99969671
-1.2670107
0.99989091
-0.99986924
1.4487499
-0.99941449
0.663061
-0.99914446
1.0000028
-0.99408467
1.0002832
-1.0004811
0.999796
-0.74384164
1.1403966
-1.6447945
0.99968275
-0.99912305
0.9997661
-0.99936953
0.99967865
-0.39949651
2.4325316
-0.93058332
1.0004896
-0.99977548
0.66611646
-1.1181251
0.9996374
-0.99957465
0.99930094
-1.0002303
1.5299391
-0.99999957
1.0004127
-0.9723907
1.000407
-0.99958519
0.9994348
-0.99976393
0.99947723
-1.0007927
0.61518719
-0.99934883
0.37618216
-1.0270135
1.3183412
-1.0005152
0.85605466
-0.99927502
0.99941826
-0.99953449
1.8012415
-1.0005798
1.0002884
-0.99909213
0.9999136
-1.6999547
1.0803727
-1.5032687
1.0565704
-0.99951086
1.0005783
-1.1043502
1.0000701
-0.99944877
1.3956894
-0.99933801
1.5739639
-1.0002092
1.0002121
-0.99947356
0.99928336
-0.99945769
1.3625707
-0.37684691
0.87128653
-1.2673059
1.6393613
-0.40923788
1.0005576
-1.4378086
0.99974882
-0.72463822
1.7750245
-0.58573213
1.000747
-0.493078
1.3900999
-2.0160178
1.6248103
-1.4247636
1.0005619
-0.99930213
1.0002076
-0.32923652
0.9996078
-0.99964694
1.0000877
-1.7572327
0.99985714
-1.3323835
1.0199305
-0.18975579
1.0823209
-1.8433354
0.99969002
-1.0005109
1.4667134
-1.0003519
0.40259305
-1.8091528
0.92899222
-1.5772243
1.1057689
-1.3284435
0.8218554
-0.99966051
1.0001434
-1.2816873
1.0001942
-0.44096443
1.0279455
-0.99947156
0.99941307
-1.22348
1.0008245
-1.4198735
0.99974518
-0.99935451
0.97353457
-0.93289734
1.0003815
-0.99953462
0.98318201
-0.83381464
0.99999998
-1.0001406
1.2549846
-1.3036932
1.335678
-0.99974271
0.99963941
-1.4136487
0.99944704
-1.2893009
1.0006024
-1.0005758
1.1148789
-1.0001891
0.99933741
-0.99958682
