-1.4617839
0.1390084
-0.33590747
0.50277712
0.05503411
0.86663556
0.6873695
1.1455174
0.070434694
1.3139875
0.20890456
0.806667
0.38140378
1.0707146
0.96788813
-0.050104415
-0.063969107
-0.090625111
-0.20247234
0.60144927
0.004774117
1.2378535
0.25309488
-0.097512471
0.37886046
0.2431841
0.67900642
1.3965809
0.86946571
1.0489414
0.57324854
0.67071398
0.33597978
0.2784746
1.4059312
0.85425244
0.65816267
0.48628441
0.51336378
0.93480535
0.10624112
0.17203933
2.0089637
1.5456621
0.95492828
0.74490415
0.15288245
0.071169683
0.1004118
0.65917101
1.2559802
1.0106195
0.20892106
0.37700961
1.4576285
-0.27471277
-1.0939217
0.39467583
0.38796646
0.90626949
1.0368215
1.426687
1.1922929
0.64384922
0.49232949
1.4327137
-0.048798649
1.128151
0.27992793
1.6452627
1.2906535
1.0921921
0.65320448
1.0873298
0.44707341
0.66361923
-0.10852261
0.42411979
0.16957159
-0.84649335
1.4920287
0.30745286
-0.025825525
0.76652886
0.71181892
1.647076
0.99132
0.57921774
1.3546569
0.71943063
0.75620987
0.89656865
0.22503649
0.012789879
0.0171305
0.83305968
1.1711109
0.66652822
0.95147697
-0.30064719
-0.2957367
0.52215324
2.0866315
0.62425238
0.078154315
0.66261117
-0.076523567
0.35671486
0.89011851
1.4078012
0.25251688
0.36449177
1.6271799
1.2080121
1.2349774
1.0544937
0.66572883
0.56495864
0.84240332
0.447651
0.1142001
0.58235137
0.28766514
-0.24798766
-0.13991113
0.5344204
0.60275682
1.5879863
0.32643185
1.7039482
0.77574396
0.94549082
1.8892776
0.41951202
0.68022676
0.48292992
0.44296882
0.25238002
0.79317855
1.4188776
0.71825327
-0.29028524
0.79975072
0.75059566
1.2628166
-0.17086467
-0.014694089
-0.29533909
-0.49508233
0.0080402448
1.2955727
-0.039765826
-0.078046924
1.0578195
-1.4100361
-0.13313442
-0.39486428
0.50659731
0.60845601
0.42193177
-0.46016407
0.95617816
1.7387976
0.65748792
-0.024947207
0.48309279
0.08400549
0.20289524
0.11657851
2.1490725
0.89104833
-0.20403414
0.89996276
-0.13733999
1.3950511
0.78120815
0.33476273
1.1366535
1.22328
0.83038881
0.71078722
1.3172478
-0.030609774
0.99930097
0.82693604
0.080426112
0.26426654
1.1527407
1.907611
1.1993847
0.84892823
0.63793233
2.0969822
-0.39030041
0.74565804
1.5811774
0.68910736
-0.2924626
0.75912483
0.35862396
0.89242396
-0.66763931
1.0106267
-0.06650601
1.186534
0.019890951
0.39713922
0.37097881
1.8030245
1.1359751
0.32043813
0.40442397
-0.099747174
0.11416201
0.17354875
1.1575093
1.1922892
1.0701479
-0.24601422
1.1557442
1.144574
0.10232506
1.335947
1.0938015
0.088007142
-1.0012711
1.1874589
0.64966796
-0.45074174
0.36692864
0.52426027
0.95047755
-0.22512802
-0.020217092
0.73731559
0.58334859
1.0514724
-0.1233222
0.63437735
0.035077469
1.5861341
0.78208722
0.9576856
0.53793392
0.961521
1.2161879
0.20583867
1.0995027
1.3754573
0.58490918
0.31280902
1.3623699
0.36697842
1.336925
1.3302702
1.3183072
0.26234723
0.41494656
0.34681699
1.4827484
1.0764263
-0.1288143
-0.52990939
-0.26613037
0.80202181
-0.015611136
0.25289094
0.3246108
-0.44105645
1.6179822
1.3756932
0.61203547
-0.21816778
-0.32334238
1.0666393
0.48125512
0.34744442
0.8198558
-0.42714909
0.19187304
0.65634617
0.9255319
0.48725874
1.0925102
-0.36966216
0.74148678
-0.19518137
-0.053619092
1.319922
0.97282046
-0.26133443
0.63097531
1.0576501
0.031850914
-0.21050628
0.69503337
0.51754693
0.87117601
0.0032997738
0.082153209
0.0095166616
1.0021431
1.0823068
0.21190985
0.944585
1.2928093
-1.0507646
-0.092527827
0.82764551
-0.38088035
0.61283104
1.3967388
0.62311526
1.0707872
1.2288422
-0.62107016
0.10748414
-0.047834555
1.9348732
0.99477611
0.14911134
1.1298613
-0.091228709
1.0251137
0.59961617
-0.2440959
0.57307616
0.7610518
0.74631015
1.650005
-0.11402425
0.03042914
0.13477666
0.0080019867
0.61699785
1.4682446
0.45734566
1.6379449
0.45330618
0.36549196
-0.087541998
-0.49430093
1.008763
-0.98041329
0.20427683
0.077282722
0.33431009
0.93463909
0.17203437
0.5955712
1.8451191
1.8695599
-0.6694556
-0.68300614
1.0327336
0.88206564
-0.1122364
1.0769487
1.0460464
1.8854849
-0.0026722433
-0.26334409
0.36270861
0.95843506
0.51766114
0.50816652
0.81127767
0.70756221
1.1849362
1.3082381
1.3376122
1.7192334
0.33935066
0.53925656
0.22184965
0.97630486
0.17866311
1.7751115
1.1902102
0.61789177
0.5178853
-0.53114329
-0.30840526
-0.19670404
1.9130808
0.093121951
1.0809482
0.6221686
1.0480744
0.77095848
0.81229775
0.80071696
-0.45098287
0.84002743
-0.75481533
0.39376677
0.070679542
1.2312392
0.27366491
1.5230649
0.42664265
1.1084398
0.24434855
0.041485973
-0.53805724
2.2936695
1.3743704
-0.38725848
0.58081663
0.28687009
0.38348723
0.96730959
0.95049772
1.1623418
-1.075457
0.61604689
0.39493828
-0.045056405
0.14380947
-0.38684403
1.5031152
0.33481319
0.58370135
1.1326425
-0.27734189
1.4265953
0.62987
0.54063996
-0.021838202
0.64093424
0.37169917
0.39166386
1.1381993
0.53685862
0.48133706
0.90902572
0.057677859
0.030773621
0.57785598
0.40325325
0.95890619
0.47633324
1.1979698
-0.52042678
0.17299841
0.51305954
-0.34157569
1.3656631
0.77878429
-0.0065983053
0.23914752
-0.15914924
-0.36091695
0.63858786
0.25124268
0.16788465
0.28444218
1.2502469
-0.19664064
1.2193114
-0.24817995
0.70909747
0.21776674
1.1594283
1.0916628
0.2310658
-0.028044026
0.20332442
0.35393566
0.037239332
0.38865336
0.53347947
1.3717604
1.6861639
-0.11697134
1.2288683
0.29641321
1.0834486
1.2963826
0.90725681
0.63484264
0.98912331
0.88043948
0.87326696
-0.25238059
-0.17241203
1.8449996
0.30564233
0.42614866
-0.84086613
0.23653329
-0.14305008
1.8370552
0.95643476
-0.31982919
0.4860496
0.43559979
0.72713997
0.5622469
0.82788121
0.029791828
0.7069744
-0.19412981
0.20906413
-1.5994684
0.093763623
0.18233959
-0.3497588
-0.21641856
-1.468093
-0.25598466
-0.92257736
-0.30673718
-0.94749318
-0.59888319
0.34558964
-0.95610128
0.97641103
-0.087724419
-0.61121368
-0.73432307
0.057966239
-0.43521208
-0.41884506
-1.1166542
-0.22939693
-0.48669077
-1.643187
-0.29271755
0.18587457
0.18337115
0.38230385
-0.026499882
-0.55117319
0.5670194
-0.25217734
-1.4360164
-0.27276784
-2.2671349
0.57068666
-0.83197309
-0.79862729
-0.035759691
-1.2627507
-1.0057387
-1.0648352
-0.05152314
-0.50431026
-1.4448013
0.5668392
0.79306831
-0.89896038
-0.72035786
-1.2930358
-0.15303194
-0.43756739
-1.7540105
-0.65324402
-1.3771057
-0.6883874
0.17456374
-1.6414728
0.52044399
0.28938515
0.053705037
1.0342224
-0.17969727
-0.95774289
-0.58670102
-0.8789155
-0.060615707
-0.56596067
-1.3451095
0.52141602
-0.59013581
-0.01942867
1.0339953
-0.11075238
-1.6891564
-0.84278887
-0.143104
-0.20531494
-0.2547375
-1.6920205
-1.0315574
-0.42058304
-0.76409414
-0.5309987
-0.84119433
-1.8755848
0.1705287
-1.3629312
-0.69404032
-0.21940053
-0.021695472
-0.29870931
-1.4009255
-1.437287
-0.33334884
-0.4361846
0.24631988
-0.67734604
-0.37990783
-0.94760876
-0.97091183
-0.85005084
-0.68814648
-1.316862
-0.95528765
0.51965331
0.055777497
-0.48694717
-1.5670035
-1.3733808
0.17367263
-0.67717219
-0.67973455
0.20485857
-1.3728256
-0.12983826
-0.74027312
-0.58003843
-0.85006372
-0.21288809
-0.77539007
-0.80523681
-0.65477847
-0.98113021
-0.19053237
-0.36436149
-0.046774185
-1.2693154
-0.94143345
-1.6242078
-1.4946368
-1.622021
-1.3130247
0.55335201
-0.12645434
0.66167468
-0.94795592
-0.44317004
-0.6385054
-0.96620249
-1.0890691
-0.42759236
-1.7153708
-1.0964403
0.30707777
-0.2589928
-0.71331951
0.74244858
-1.2418243
-1.3136839
-0.18323859
-0.23920719
-0.52870127
-0.40851403
-1.2340151
0.12163242
-0.75325986
-1.0024474
-1.7534557
-0.16461756
-0.54510688
-0.265496
-1.4712763
0.11397591
-0.59760623
-1.3674462
1.2212588
1.1619043
-0.47717707
-0.21846271
-1.015417
-0.668467
-0.17222337
-0.66076836
-1.0457318
0.53670883
-0.19052104
0.24543661
0.21140263
-0.90828646
-0.0096584563
-1.7230614
-0.56575583
-0.53585722
0.022916402
-0.26259442
-0.057859577
-0.20420416
0.066749019
-1.7569419
-0.64812481
-0.09312549
-1.2677712
0.062549975
-0.58411855
-1.1796787
-1.2107292
-0.12034405
0.17739674
-0.60639205
-0.14511565
-1.7252857
-1.0292463
0.38956423
-1.0280271
-0.13915681
-1.1393808
-1.070977
0.36468303
-0.22757466
-2.0691548
0.79068563
-0.92717305
-1.0252273
0.083211527
0.25127832
-1.7848038
-0.45019574
-0.46377871
-0.23979619
-0.72277168
-0.24146024
-0.026735718
-1.0228335
-0.56740651
-0.49578757
-0.27423064
-1.7052779
-0.26107776
-0.059339128
-0.62459689
-0.97990432
-1.8359934
-0.657806
-0.70782521
-0.078919057
-2.1176815
-0.18990513
-0.66206521
-0.0078520905
-0.79926988
-1.9339424
-0.74610757
0.73368428
-3.0384403
-1.2675326
-0.4619432
-0.96835142
-0.42758321
-0.79034471
-0.98905364
-1.8707014
0.51150739
-0.35213961
-1.1048956
-0.19108454
-1.5087617
-0.87238644
-0.99216289
-1.0384226
-0.34384686
0.51992863
-1.1292406
-1.2520104
-0.66365369
-0.3467437
-1.4332126
-1.1357907
-0.38102617
-1.2109754
0.56092396
-0.94824001
-0.038145155
-0.72068386
-1.5688069
-1.3002317
0.7255126
0.24112006
-0.62435791
-1.4747517
-0.033024498
-1.2952488
0.34854461
-0.67841151
-0.14898491
0.048773427
-0.26737265
-0.7184726
-0.49560539
1.3727437
-1.3991049
-0.9636536
-1.7764007
0.035948832
-0.27208556
0.42409665
-0.64404767
-1.6536506
-0.47203284
-0.55589239
-0.99027418
0.50513527
-0.96033308
-1.0086028
-1.2779099
0.52255954
-1.2993361
-0.28067696
0.24159293
-1.3410889
-0.95505476
-0.92290634
-1.9604882
-0.38948981
-0.89398707
-1.5464443
0.61931882
-0.46797219
0.50147074
0.010806691
-1.8306278
-1.1485765
-0.43017147
-0.26210411
-0.58320307
-0.098314161
-0.10947454
-0.26602785
-1.0348457
-0.46900151
-0.51215078
-0.53243188
-0.23178755
-1.0315455
0.48069118
0.58694953
-0.75946581
0.36724442
-1.1235586
0.040157213
0.3513003
-0.46558856
-1.6702921
-1.0999435
0.15601048
-1.5125709
0.87619761
-0.88663779
-1.500158
0.12698465
-0.23217401
-0.095609675
-0.37397539
-0.55475424
-1.1867313
-0.75380945
-0.030148854
0.77975477
-0.80267018
-0.95418879
0.15663224
-0.51570512
-1.4311768
0.41070518
-0.13422541
-0.51082072
-0.45110957
-0.085332158
-0.64533348
-0.10301124
-0.99743286
-0.12940855
-0.75838121
0.14266114
-0.23426264
-1.6489761
0.15960576
-0.41519419
0.068740992
-0.55456101
-0.30759945
-0.25482414
-2.2634958
-1.2879466
-0.15083442
-0.15711094
-0.51426082
-1.4546889
0.20248268
0.24039223
-0.80948111
-0.84497874
0.34545727
-0.70034261
-0.20264709
0.96966487
0.054259711
-0.9247789
-0.053874552
1.4360678
-0.53794886
-0.55264833
-0.18921533
-0.4158917
-0.092054621
-0.40237075
-0.97581446
0.10515032
-0.60050936
-0.68814481
-0.29649326
-1.3312945
-1.2843561
-0.56812482
-0.56071507
-0.11137602
0.37065679
-0.61651226
-1.8068333
-0.27007878
0.29676431
-0.48730148
0.48273258
0.0027277617
-1.053256
-0.70674828
-0.0028471754
-0.50431026
-0.52555593
-0.74076602
0.25193476
-2.2681446
-1.6948138
-1.4950318
-0.60575755
-0.28396518
0.24585989
-0.68138818
-0.024743708
-0.44157907
-0.94431062
-1.4059969
-0.89091369
-2.23719
-0.71890471
0.17910934
-0.89523575
0.39206903
-0.88071562
-1.7553392
-0.66853118
-0.56652516
0.17112218
0.9512442
-1.3024694
-0.63049806
0.54855574
-0.66123989
-1.2437938
-1.2275523
0.030661651
-0.15630926
-1.006547
0.53073362
-0.75325058
0.28646274
0.014903826
-1.788059
-0.14589519
-1.3017472
-0.25074065
-2.2141298
-0.33525414
-1.0822995
0.42884175
-0.39890064
0.6357993
-0.16624439
0.1676181
-0.1954085
-0.14781836
-1.1080266
-0.86184679
-0.27851014
1.2577685
-2.7013399
-0.63384882
0.64631478
-0.42669449
-0.027704299
-0.22555477
-1.1793836
-2.4260625
-0.88138587
-0.78080186
-0.73739297
