1.0005979
-0.79658075
1.0727631
-1.5502423
1.0003822
-1.0008107
1.0005815
-1.0002357
0.99972905
-1.0860526
1.1191305
-0.99957052
1.064048
-0.99964034
1.5487665
-0.9999455
1.2442067
-0.040755696
1.0567099
-0.99957206
0.55766591
-1.7812492
0.99934487
-0.99949968
1.0000875
-1.0004918
0.99960416
-1.0004931
0.99961576
-1.1490196
1.5676875
-1.4252714
0.76939272
-1.4317546
0.8308475
-1.000961
0.99954932
-0.9994501
0.99989601
-0.99980139
1.0004109
-1.16695
0.9994749
-0.5856113
1.0002076
-0.99980881
1.6707038
-0.42190542
0.44437398
-0.99965643
0.999157
-0.99968944
0.24530657
-1.1245931
0.99999417
-1.3622158
0.99958013
-1.0004457
0.99948433
-0.99964462
0.18873756
-1.052378
0.99935381
-1.0005893
0.99947409
-1.00006
1.4181752
-0.9992679
1.3103546
-0.36620965
0.78411041
-0.99961366
0.94944828
-1.000681
1.0005823
-1.00017
0.8871636
-0.99932347
-0.17096109
-0.99968678
1.0003562
-1.3675868
0.9996044
-0.99941835
0.99981223
-0.99965667
0.99954327
-0.24664066
1.0002234
-1.0001123
0.99940515
-1.000734
0.99966012
-1.3558034
1.0000508
-0.99957314
0.39804999
-1.366077
1.5841425
-1.0009036
1.000674
-1.3137629
0.90175332
-1.0002736
-0.52434819
-1.2307879
1.0676003
-1.4540683
0.99938003
-0.99968116
0.6407802
-0.9782726
0.99957782
-1.5956215
1.0004693
-0.82638831
0.99915481
-0.99963015
1.0592058
-1.0007019
1.0004832
-0.12185402
0.73729135
-1.0005467
1.000956
-0.99970156
0.9997438
-0.665476
1.0003726
-0.86332209
1.3183399
-0.99978135
1.0003594
-1.4221852
0.99947091
-0.79494978
0.50637379
-0.55607115
1.417156
-1.3162077
0.83326701
-1.0008413
1.0006029
-1.3332168
1.0006502
-0.99981066
0.8350717
-0.99981876
1.0000445
-1.4581437
0.9996648
-1.0004451
0.95414479
-1.0303505
1.4580355
-0.99953606
1.0004387
-1.1521751
1.0002069
-0.99962148
1.0003811
-1.0000704
1.522276
-1.4401457
0.99934707
-1.0003363
0.99991773
-1.0003489
0.45323163
-1.0005877
1.2677824
-0.19564177
1.0197813
-1.0000426
1.1485159
-0.82742258
0.77524251
-0.99975979
0.99914503
-0.99960865
1.299695
-0.99930578
0.99952721
-1.2299972
1.6596995
-0.32959338
1.0001051
0.062099718
0.82399585
-1.2437095
0.99943609
-0.99966876
1.341394
-1.2394892
0.99921938
-0.9941499
1.0000022
-0.72242777
1.0003976
-1.4714096
0.99989927
-0.99997992
0.81255719
-0.99970905
0.99943609
-1.000187
1.0000985
-0.99936246
1.3891578
-0.99931423
0.99932953
-0.80891803
1.1596856
-0.99952061
1.000673
-1
0.80999356
-0.6279176
1.0001246
-0.99935503
0.12685952
-0.46835588
1.3854511
-1.0001642
1.0007772
-1.0000095
0.53557801
-1.0005521
1.0439369
-1.2952564
1.4498362
-0.99993709
1.1456907
-0.91946243
1.0004612
-0.99944048
1.0003089
-1.0003283
1.2242778
-1.0008935
1.0007402
-0.72736579
0.99986173
-1.2252943
0.23503084
-1.0001866
1.2271209
-0.99954432
1.0005482
-1.0006359
1.040716
-0.60391598
0.75764649
-2.0021165
1.3733493
-0.92309798
2.3939264
-1.7576503
1.6377093
-1.0000069
0.9993483
-1.2095943
0.94469423
-0.66615994
0.98665311
-0.99945022
0.23400829
-1.4556455
0.4704235
-1.0004024
1.4433751
-1.4767139
0.99921297
-0.99948613
0.51179316
-1.0000291
0.81946288
-1.4689506
1.649393
-1.0005831
1.000267
-0.91065305
0.26105828
-1.5641191
0.99926998
-0.89683059
0.99927289
-1.00036
1.000456
-1.0005294
1.0002353
-0.99961458
0.99951653
-1.9178966
0.57364278
-1.6055691
0.99924324
-1.632149
1.5403309
-2.0726721
1.0003557
-1.0385623
1.0001905
-2.2448521
0.85063625
-0.99947979
1.0005053
-1.000244
0.90834558
-1.0006013
1.2658688
-0.99956142
1.00109
-0.074075146
1.0006879
-1.5495332
0.93307574
-1.442034
0.99909983
-0.99982274
1.0004383
-1.0005568
0.73505822
-1.0640045
0.9998266
-1.3629312
1.4222295
-0.99940578
0.99968813
-0.9999279
0.99910816
-0.14388669
0.99990583
-1.3824752
1.5507865
-1.0006705
0.94036621
-0.86759779
1.1889573
-1.0000559
1.0006457
-1.178037
1.0365294
-0.99940148
1.480882
-1.3557173
1.0006303
-0.91882198
1.4827484
-0.84695419
1.137872
-0.9997934
0.99928538
-0.87343058
0.99929654
-0.99955806
0.847784
-1.1003079
1.1677845
-1.5727378
2.1469906
-1.3394987
1.6077156
-1.0005833
0.9994534
-0.99992782
1.0002448
-0.9758961
1.0003366
-1.4304467
1.1585307
-1.4770893
0.79405366
-1.1514878
0.99999999
-0.99970816
0.99938966
-1.0002141
0.9999832
-1.0001432
0.99927884
-0.99998737
1.0002191
-1.4740695
0.99921863
-0.99995912
0.99930097
-0.99947655
1.1339937
-0.6459643
1.1201988
-2.4515949
1.0063631
-1.2250397
1.4726607
-0.99983654
0.94635767
-0.95825442
0.99923021
-0.0040137837
1.0002437
-0.99962451
0.50288785
-0.99921018
0.71117075
-1.0334982
1.1069223
-1.0002251
0.99907371
-1.6607986
1.2041938
-0.99993774
1.0824488
-0.99966963
0.99917009
-0.99973681
1.0002109
-0.99978499
0.38326997
-0.90050752
1.1784375
-2.2836683
1.0002771
-1.1994011
0.99963008
-1.0007178
1.8607197
-1.0007246
0.99998827
-1.0001331
1.2183708
-0.61391661
0.50811828
-0.99964365
0.65429047
-0.99966016
0.82274298
-1.000968
0.65161498
-0.0084442712
1.1798737
-0.99936611
0.99945907
-0.64282755
1.0000637
-0.62584274
0.99999999
-1.0007803
0.99967927
-1.0000151
1.0005459
-1.8253195
0.9993617
-1.8247109
1.0002248
-1.1896767
0.90597415
-0.9995998
0.99996941
-1.0002887
0.3614921
-0.41777716
1.1710355
-1.0001708
0.99945364
-0.99974866
0.99088372
-0.019867511
1.0005512
-1.7385245
0.49554948
-0.53954531
0.99939261
-0.54437499
1.000059
-1.0121864
1.0001056
-0.99924262
1.000027
-0.99988836
1.0004371
-0.53766537
0.9997474
-0.99962731
1.0052868
-0.7406583
1.2237951
-0.9997022
1.1019197
-1.0730257
0.52104358
-1.0003321
0.9993707
-0.99972943
1.3399426
-1.0006344
1.0004184
-1.0650152
0.42658986
-1.2980915
1.8285495
-1.0005902
1.7702527
-1.8332162
0.99924813
-0.43992902
0.99973125
-1.000115
0.99966621
-1.0006921
0.99901098
-0.99973342
0.99949317
-1.0005981
0.99921866
-0.81694079
1.2974886
-0.99965968
0.40849667
-1.2806388
1.0005382
-0.95092334
1.1870083
-0.88614049
0.87760209
-0.99955029
0.50219513
-1.0003049
1.0006855
-0.68155312
0.56140654
-1.3012581
0.99983375
-1.0386563
0.63730021
-0.99965878
1.1851901
-0.99957084
0.87444063
-0.9997496
2.3598838
-0.99948549
0.94641713
-1.55109
1.2131089
-0.82840165
1.0005638
-0.93066959
0.99925308
-0.78163218
0.99952463
-0.56408047
1.3624796
-0.51600828
1.0008313
-0.79679274
1.0000556
-0.18495691
0.9993991
-2.0032365
1.1565228
-2.1558448
0.99999744
-0.86159107
1.0002982
-1.0006772
0.16358493
-0.78474009
1.0006809
0.092761015
1.0004848
-0.99984073
1.0001544
-1.0001926
1.00072
-0.54177193
1.0006493
-1.0006844
1.8603656
-1.4507056
1.0001364
-1.5907856
1.0007032
-1.1021056
1.0002035
-1.5751733
1.0003831
-2.0471299
1.0003494
-2.0595573
1.0001564
-1.0003239
1.0004387
-0.99972894
1.0001108
-0.99952611
0.61253896
-0.43255254
1.5094471
-0.99974511
1.0004571
-0.9209371
0.9998464
-0.99962876
1.0006168
-1.0005025
1.2393787
-0.99971001
0.93658583
-0.99955524
1.6795666
-1.000624
1.0223461
-1.0000227
1.2932351
-0.9993798
1.173253
-1.0681211
0.8704142
-1.0006448
0.65071834
-1.0003333
0.79279277
-0.99986517
0.99962312
-1.4224794
0.52684169
-0.10002409
1.0006234
-1.1142511
0.77773892
-1.0001731
1.1458121
-1.0007873
1.0040524
-0.99974354
0.50236526
-1.000109
0.99918555
-0.99988446
0.51949378
-1.0003306
0.99962617
-1.0001023
0.99928478
-1.6969371
1.0003217
-1.0005144
1.3187329
-1.0004737
1.0001285
-0.33888845
0.99987763
-2.329209
0.90103736
-1
1.3883279
-0.69203695
1.0004401
-0.99934848
0.84128764
-0.99968746
1.434116
-2.2018622
0.99957139
-1.0005102
2.8310587
-1.0005866
-0.19165249
-1.000015
0.9996831
-2.0707356
1.1652325
-0.99958191
0.99957063
-0.82893131
0.8637245
-1.0001183
0.55935946
-0.20325806
0.99972117
-1.0106775
0.99967551
-0.99944283
0.99935235
-1.0004049
0.99980518
-1.1689587
0.99928848
-0.8738237
1.0004021
-0.5743063
1.1649063
-1.337537
0.99926333
-1.0001906
-0.18801346
-2.0346369
0.47045848
-0.25645224
0.99916155
-0.74819647
1.0006118
-1
1.0007938
-1.0009512
0.99999999
-1.0005983
1.0000328
-1.2713334
1.0004623
-0.35452763
1.0779103
-1.3505582
1.0003209
-0.99952308
1.4320051
-1
1.0593026
-1.0005026
1.2812914
-1.3708958
0.83884696
-0.92640207
1.4021404
-0.99957975
1.0995732
-0.9994535
0.99952068
-1.2294086
0.55277159
0.0037687772
0.72233507
-1.0000819
0.88545925
-0.99967165
0.99931458
-1.6896372
1.0003174
-0.96911085
0.99950099
-0.61441076
1.0738307
-1.9760553
1.2920073
-0.99966061
1.0004613
-1.2809646
1.0004206
-1.0003385
1.4823659
-1.2511323
1.0002962
-0.99962832
1.0641883
-0.99988882
1.0000854
-1.0002666
1.0004699
-0.99958974
1.4472403
-1.1925587
1.0006148
-1.0001903
1.1998034
-0.99947309
1.3769743
-1.0005341
1.5795233
-1.6224172
1.0007458
-0.99994082
0.63895771
-0.66699242
0.99930797
-1.5955386
0.86439949
-1.5001873
0.8520173
-1.7480473
1.1122304
-1.0002033
0.99950223
-1.0003989
1.1152158
-0.99978385
1.4242692
-0.54858014
1.0000431
-1.0004971
1.1137208
-0.99994911
1.0006329
-0.99965734
1.0005324
-0.99992074
0.99959921
-1.6038177
0.96617467
-0.99984063
0.99977369
0.02512237
1.9124097
-1.0003852
0.99999999
-1.5961874
0.99906606
-0.60017109
0.99984441
-1.0001186
0.99999999
-0.8813955
0.99965556
-0.99962738
0.63340802
-1.2432771
0.99949481
-0.64837973
0.69846032
-0.73982562
1.0005166
-1.000703
0.35656668
-1.5497793
0.99966604
-1.0006195
1.0000951
-0.99974917
-0.16526417
-2.138922
1.0002871
-0.99984899
1.0006052
-0.99997691
0.97584131
-1.6107003
1.0831679
-0.9993786
0.88302119
-0.99963044
2.024459
-0.99993678
0.93158511
-1.0000617
1.0002128
-0.99958647
0.76730218
-1.0902168
0.99952522
-1.2671705
0.99957719
-1.0003284
1.4489506
-0.99967452
0.66315515
-0.9990844
1.0004601
-0.99414067
1.000446
-1.0004695
1.0001262
-0.74382514
1.1403949
-1.6447656
0.99954136
-0.9993275
0.99965735
-1.0005346
0.99954525
-0.39952074
2.4327609
-0.9305729
0.99927505
-0.9997701
0.66590465
-1.1180693
0.99949365
-1.0001013
0.99934952
-1.000427
1.5301948
-1.0004125
1.0006024
-0.97232956
0.99980617
-0.99960762
0.99917823
-0.9995305
0.99927744
-1.0008497
0.61520298
-0.99968058
0.37574559
-1.0268732
1.3184483
-1.0009263
0.8557917
-0.99969729
0.999263
-0.99944766
1.8011519
-0.99950184
0.99916723
-0.99962822
1.0003612
-1.7002137
1.0800723
-1.5032301
1.0561496
-0.99932329
1.0004632
-1.1041383
1.0005334
-1.0005807
1.3958995
-1.0003729
1.5740233
-1.0002845
0.99999999
-0.99936803
0.99922092
-0.99980751
1.3624862
-0.37672595
0.87127753
-1.2678444
1.6394976
-0.40951223
1.0001069
-1.4381039
0.99960937
-0.72454129
1.7752868
-0.58591694
1.0005331
-0.49324789
1.3899157
-2.0162243
1.6248086
-1.4250499
0.99966312
-1.0005062
1.0001975
-0.32916457
0.99968869
-0.99975051
0.99993722
-1.7570953
1.0002576
-1.3325654
1.0193359
-0.19017029
1.0824216
-1.8440134
0.99921624
-1.0006874
1.4669986
-1.0002436
0.40215997
-1.8090843
0.92890231
-1.5772034
1.1052622
-1.3287042
0.82200615
-0.99982117
1.0004698
-1.2817685
0.99993269
-0.44112919
1.0278091
-0.99941093
0.99913884
-1.2236841
1.000742
-1.4197319
0.99920588
-0.9997231
0.97345858
-0.93256256
0.99982958
-1.0004454
0.98319022
-0.83387538
1.0000057
-0.99999071
1.2547407
-1.3040664
1.3353878
-0.99966616
0.99983137
-1.4135416
0.99964462
-1.2891915
1.0004746
-0.99992122
1.1145342
-0.9994857
0.99921964
-0.99978289
