1.0007362
-0.7963416
1.0729298
-1.5503612
1.0003843
-0.99965556
1.0002421
-1.0005138
1.0002829
-1.0860075
1.1190583
-0.99976415
1.0637249
-0.99970851
1.5487147
-0.99952412
1.2445835
-0.040582591
1.0562555
-0.99942141
0.55796615
-1.7819244
1.0004921
-0.99948386
1.0005902
-1.0005442
0.99930143
-1.0005323
0.99995737
-1.1493361
1.5678849
-1.4251687
0.76883735
-1.4320421
0.83045838
-1.0005609
0.99950364
-0.99938205
0.99993235
-1.0002015
1.0006773
-1.1667349
0.99946188
-0.58528844
0.99978989
-0.99963548
1.6710384
-0.42176129
0.44459826
-1.0003747
1.0005732
-0.99960302
0.24516558
-1.1246027
1.0001987
-1.3622107
0.99952237
-1.0002052
0.99953324
-0.99982645
0.1890272
-1.0521966
0.9996342
-1.0002848
1.0000276
-1.000148
1.418547
-0.99936476
1.3103662
-0.36626633
0.78405673
-0.99937598
0.94927421
-1.0005613
1.0004299
-1.000213
0.88691171
-0.99942679
-0.17102522
-0.99938381
1.0006953
-1.367423
0.99963235
-0.99956403
0.99971386
-1.0000442
1
-0.24662312
1.0006847
-0.99995144
0.99939733
-0.99947624
1.0001588
-1.3561039
1.0005231
-0.99956584
0.39852903
-1.3660707
1.5844754
-0.99937637
1.0004312
-1.3139579
0.90174482
-0.99972068
-0.52444229
-1.2302558
1.0676735
-1.4543814
1.0003724
-0.9997153
0.64085106
-0.97836493
0.99928857
-1.5953447
1.0005372
-0.8262188
0.99966386
-0.99952255
1.0585956
-1.0005502
0.99926016
-0.12157458
0.73747071
-0.99939608
1.0005298
-0.99952976
0.99989723
-0.66529445
1.0006889
-0.86326647
1.3185143
-0.99961082
1.0006374
-1.4220348
0.99967546
-0.79550614
0.50657808
-0.55613052
1.4173641
-1.3156396
0.83340939
-0.99981689
1.0009344
-1.3329378
1.0006304
-0.99999998
0.8352171
-1.0003808
1.0005583
-1.4583202
0.99971336
-1.0006898
0.95425961
-1.0305756
1.4580132
-0.99930782
1
-1.1519802
1.0000117
-0.99947673
0.99942941
-1.0007138
1.5218696
-1.4398217
1.0005233
-1.0005072
1.0000955
-1.000325
0.45286871
-1.0006808
1.2678602
-0.19551014
1.0195843
-1.0004233
1.1484568
-0.82677894
0.77511798
-0.99939122
0.99940694
-0.99949852
1.2996794
-1.0002312
1
-1.229816
1.659799
-0.32969316
1.0005913
0.061845243
0.82393465
-1.2436922
0.99935853
-0.99960945
1.3417823
-1.2394167
0.99951838
-0.99416264
1.0001779
-0.72205099
1.00065
-1.4717144
0.99987005
-1.0003295
0.81278859
-0.9993533
0.99931566
-1.0000944
1.0000376
-0.99929548
1.3892263
-1.0003589
0.99947221
-0.80878822
1.1597572
-0.9993587
1.0005828
-0.99982955
0.81038252
-0.62775875
1.0002041
-0.99978056
0.12674649
-0.46883504
1.385517
-1.0000418
1.0002749
-0.99960997
0.53521721
-0.9997901
1.044046
-1.2949345
1.4494675
-1.0001267
1.1460161
-0.91935137
1.0002753
-0.99999638
0.99972151
-0.99969684
1.2239269
-1.0006088
1.0002547
-0.72694747
1.0004008
-1.2250756
0.23544474
-1.0000645
1.2268881
-0.99963759
1.0002551
-0.99996833
1.0408353
-0.60373361
0.75768343
-2.0020411
1.3737251
-0.92271765
2.3937048
-1.7575335
1.6378244
-1.000615
0.99954466
-1.2094119
0.94490195
-0.6660542
0.98666917
-0.99963702
0.23396171
-1.4559787
0.47061172
-0.99922532
1.4436961
-1.4764464
0.99958137
-0.9994808
0.51184353
-0.99945293
0.81944118
-1.4689149
1.6492941
-1.0001051
1.0004887
-0.91089083
0.26100565
-1.5636608
0.99957248
-0.89638486
0.99970419
-0.99977524
1.0002174
-0.99957152
1.0004063
-1.0000933
0.9994958
-1.9176748
0.5739597
-1.6054645
0.99963277
-1.6321444
1.5405267
-2.0739813
1.0004486
-1.0389306
1.000294
-2.2448962
0.85055329
-0.99982351
1.0006684
-1.0002353
0.90854119
-0.99946734
1.2661492
-0.99930287
1.0012817
-0.074448031
1.0002394
-1.5494835
0.93322674
-1.4422532
1.0003112
-0.99934422
1.0003706
-1.0002256
0.73436984
-1.0640868
1.0007164
-1.3627427
1.4222962
-0.99955382
0.99940048
-0.99951902
0.99935399
-0.14419166
1.0008094
-1.3822961
1.5506356
-1.0005346
0.940081
-0.86760324
1.1893947
-1.0007049
1.0003906
-1.1774722
1.0367891
-0.99964508
1.4808671
-1.3554512
1.0005773
-0.9187682
1.4825458
-0.84654404
1.137489
-1.0006349
0.99951915
-0.87354427
0.99941891
-0.99937057
0.84722148
-1.1005244
1.1676351
-1.5726079
2.1464979
-1.339334
1.6077047
-1.0003318
0.99926895
-0.99959529
1.0003049
-0.97604726
0.99981024
-1.4303137
1.158343
-1.4767672
0.79386609
-1.1514351
0.99947477
-0.99982628
0.99944082
-1.0006222
0.99985576
-1.0004023
0.99942761
-0.99970708
1.0006406
-1.4741345
0.99948234
-1.0001449
0.99949847
-0.99933825
1.1342908
-0.64593988
1.120347
-2.4516132
1.0063401
-1.2251938
1.4726365
-1.0000132
0.9468312
-0.95861603
0.99955589
-0.0032678106
1.0004022
-0.99977649
0.50337604
-0.99946938
0.71127257
-1.0335225
1.1074965
-1.0001097
1.0009072
-1.6604836
1.2043618
-1.0007426
1.0826179
-0.9997303
0.99938844
-0.99986026
1.0003735
-0.99984407
0.38346589
-0.90038994
1.1785608
-2.283306
1.0004462
-1.1993005
0.99959301
-1.0001928
1.8598848
-1.0006607
0.9994654
-1.0001238
1.2188181
-0.61395661
0.50773093
-0.99952388
0.65418803
-0.99944637
0.82300157
-1.0005899
0.65208256
-0.0084597667
1.1798025
-0.9997974
0.99976895
-0.64211299
0.9995653
-0.62585404
0.9994506
-0.9995513
0.99955709
-0.9996988
1.0003312
-1.8260509
0.9994579
-1.8245923
1.0005414
-1.189828
0.90604471
-0.99953875
0.99961956
-0.99966584
0.36187624
-0.41799074
1.171196
-1.0006008
0.99942309
-0.99967745
0.9907444
-0.019753475
1.0003445
-1.7391228
0.49565194
-0.53969849
0.99945917
-0.54411928
0.99963384
-1.012661
1.0006094
-1.0001553
1.000253
-0.99951536
1.000012
-0.53770077
0.99971193
-0.99937483
1.0054219
-0.74102092
1.2237385
-0.99950575
1.1024945
-1.0727496
0.5212148
-1.0005327
0.99975358
-0.99972201
1.3399718
-1.0003719
0.99938788
-1.0647913
0.42655794
-1.2980289
1.8281785
-1.0003269
1.7703612
-1.8332866
0.99962575
-0.43989734
0.99982039
-1.0004264
0.99983117
-1.0002627
0.99932865
-0.99941398
0.99984923
-0.99951115
0.99950297
-0.81640266
1.2973785
-1.0002076
0.40828359
-1.2801307
1.0005629
-0.95075554
1.1868591
-0.88540161
0.87766221
-0.99918933
0.50209065
-1.0000723
1.0008434
-0.68183991
0.5611869
-1.3011525
0.999246
-1.0387237
0.63708456
-0.99981399
1.1854275
-0.99959678
0.87467292
-1.000113
2.359671
-0.99957645
0.94683031
-1.5510389
1.2135316
-0.82809954
1.000594
-0.93052559
0.99953982
-0.78169041
0.9995938
-0.56400474
1.3623016
-0.516055
1
-0.7968128
1.0004546
-0.18488692
0.99962669
-2.0034616
1.1563551
-2.1558371
1.0004681
-0.86131765
0.999787
-1.0004814
0.16324138
-0.78456937
0.99942386
0.093375262
1.0005994
-0.99930307
1.0002453
-1.0002169
1.0002763
-0.5419325
1.0003957
-1.0006039
1.860713
-1.4505729
0.99947906
-1.5909825
1.0005868
-1.1018907
1.0002489
-1.5749851
1.0005725
-2.0469582
1.0003897
-2.0599433
1.0003836
-1.0002349
1.0008939
-0.9995693
1.0001781
-0.99984044
0.61257442
-0.4319799
1.5095858
-1.0004174
1.0007367
-0.92079032
0.99973903
-0.99960536
1.0003012
-0.999927
1.2390893
-0.99995857
0.93674069
-1.0006556
1.6797177
-1.0000926
1.0225025
-0.99931813
1.2937012
-1.0003597
1.1728854
-1.0679306
0.87059895
-1.0006293
0.65054668
-0.99930031
0.79255541
-0.99924011
0.99954925
-1.4226723
0.52700956
-0.10009604
1.0005381
-1.11398
0.77816871
-1.0002374
1.1459965
-1.0005814
1.0041826
-0.99929268
0.50263341
-1.0002779
0.99970568
-0.99931779
0.51953632
-0.99925174
0.99985054
-0.99987815
0.99955244
-1.6966159
1.0004382
-1.0007642
1.3188041
-1.0003963
1.000419
-0.33889544
0.99966507
-2.3293985
0.90084542
-0.9995223
1.3886782
-0.69185415
0.99937464
-0.99985923
0.84179738
-0.99979968
1.434102
-2.2017098
0.999371
-1.0002192
2.8308164
-1.0007743
-0.19145128
-1.0002427
0.9993036
-2.0704609
1.1652722
-0.99930103
1.0000783
-0.82859356
0.86361935
-0.99956478
0.55916003
-0.20339623
0.99973072
-1.010445
1.0007523
-0.99968766
1.0003429
-1.0002618
0.99957307
-1.1685015
0.99959109
-0.87353495
1.0004071
-0.57437578
1.1654805
-1.3369677
0.99970552
-1.0000217
-0.18799405
-2.0342474
0.47073919
-0.25644334
0.99933681
-0.7479355
1.0003549
-0.9996835
1.0003551
-1.0004928
1.0002017
-1.0004286
1.0002081
-1.2708236
0.99969405
-0.3543717
1.0784582
-1.3504352
1.0003842
-1.0004812
1.4321294
-0.99951757
1.059413
-1.0006054
1.2815585
-1.3707369
0.83871557
-0.92653462
1.4021564
-0.99969315
1.0993132
-0.99936
0.99966108
-1.2294596
0.55279865
0.0034279156
0.72270312
-1.0003322
0.88505385
-0.99985939
1.0000094
-1.6895143
1.0002549
-0.96896026
0.99957005
-0.61437093
1.0737621
-1.9765956
1.2920512
-0.99972637
1.0005135
-1.2809807
1.0007281
-1.0000782
1.4823866
-1.2511525
1.0006159
-0.99923856
1.0646914
-1.0002207
0.99985985
-1.0003605
1
-0.99930749
1.4468023
-1.1924854
1.000541
-1.0002459
1.1998361
-0.99933855
1.3768353
-1.000385
1.5797937
-1.6222332
0.99953409
-0.99973497
0.63943532
-0.66664986
0.99938294
-1.5952527
0.86436011
-1.4997789
0.85228176
-1.7477153
1.1118974
-1.0002416
0.99950348
-1.0003508
1.1149152
-1.0004257
1.4240238
-0.54890822
1.0000626
-1.0004499
1.1139025
-0.99997186
1.0004915
-1.0001398
0.99970839
-0.9993441
1.0003958
-1.603557
0.96582616
-0.99964522
1.0004611
0.025075603
1.91228
-1.0003527
0.99975485
-1.5962748
0.99955826
-0.59948793
0.99943676
-0.99974286
0.99949631
-0.88153147
0.99996831
-1.0005072
0.63358305
-1.243368
0.99971171
-0.6482238
0.69853397
-0.73994717
1.0004359
-0.99947668
0.35681044
-1.5492729
0.99936098
-1.0004389
1.0007595
-0.99940717
-0.16522034
-2.1389775
1.0001967
-0.99927838
1.0003592
-0.99927605
0.97581198
-1.6109301
1.0831114
-0.99927515
0.88283363
-1.0001993
2.0247338
-0.99957969
0.93204528
-1.0007135
0.99996299
-0.99971827
0.76758153
-1.0907368
0.99983276
-1.2671215
0.99978196
-1.0005456
1.4484893
-0.99961745
0.66310815
-0.99965785
0.9997306
-0.99421777
1.0007089
-1.0003904
0.99986183
-0.74349576
1.1404143
-1.6451429
1.0001588
-0.99948469
0.99973084
-0.99931911
0.99960106
-0.39946439
2.4328904
-0.93066149
0.99943257
-1.0005923
0.66611217
-1.1185732
0.99945222
-0.999605
0.99942777
-1.0007036
1.5299334
-1.0004743
1.0007442
-0.9723678
1.0001379
-0.99917164
0.99960597
-0.99957372
0.99937858
-1.0006902
0.61542277
-0.99961895
0.37579476
-1.0270921
1.3182757
-1.0001229
0.85624971
-0.99965858
0.99979654
-0.9995253
1.8011801
-0.99965211
1.0006887
-0.9997257
1.0002816
-1.7003211
1.0800197
-1.5035448
1.056471
-0.99982437
1.0008093
-1.1044335
0.99977236
-0.99955884
1.3958006
-0.99973131
1.574134
-0.99999998
1.0006099
-0.99947357
0.9993988
-0.99972839
1.3623439
-0.37692607
0.87160271
-1.2674003
1.6392482
-0.4090865
1.0004146
-1.4379418
0.99945142
-0.72469886
1.7753205
-0.58584554
1.0006184
-0.49301675
1.3903508
-2.0161065
1.6252206
-1.4251203
1
-0.99999998
1.0004
-0.32910231
0.99959598
-0.9998015
1.0002324
-1.757407
1.0003828
-1.3331579
1.019684
-0.18988193
1.0821327
-1.8432687
0.99942182
-1.0006027
1.4667106
-1.0004713
0.40258577
-1.8094235
0.92867514
-1.5771049
1.1057782
-1.3286767
0.82192136
-0.99961391
1.000367
-1.2818363
1.0004939
-0.44092433
1.0281602
-0.9993607
0.9997969
-1.2234603
1.0005057
-1.4198832
0.99908648
-0.99946136
0.97352066
-0.93305414
1.0007765
-0.99994131
0.98310118
-0.83341797
1.0003204
-0.99979047
1.2549486
-1.3036444
1.3353574
-0.99919498
0.99979899
-1.4138584
0.99934178
-1.2892762
0.99983637
-1.0006497
1.1153217
-0.99999998
0.99941411
-0.9993284
