Part 1b)
(row = c; column = digit)
100.00 97.71 99.22 99.48 99.20 99.74 99.74 98.93 94.75 96.83
100.00 97.71 99.22 99.22 99.20 100.00 100.00 99.20 95.28 97.88
100.00 97.71 99.22 98.96 99.20 100.00 100.00 99.20 95.80 98.41
100.00 97.96 99.22 98.96 99.46 100.00 100.00 99.20 95.54 98.15
100.00 97.96 99.22 98.96 99.73 100.00 100.00 98.93 95.54 97.88
100.00 97.71 98.96 98.96 99.46 99.48 99.48 99.20 95.54 98.15
100.00 97.46 98.96 98.96 98.93 100.00 99.22 99.20 96.06 98.15

accuracy rate is 1582/1797=0.880356
type A error rate is 171/1797=0.095159
type B error rate is 44/1797=0.024485

-----------------------------------------------------------------

Part 1c)
(row = c; column = digit)

d = 2:
100.00 99.75 100.00 98.96 99.46 100.00 99.74 99.46 98.16 99.47
100.00 99.75 100.00 98.96 99.46 100.00 99.74 99.46 98.16 99.47
100.00 99.75 100.00 98.96 99.46 100.00 99.74 99.46 98.16 99.47
100.00 99.75 100.00 98.96 99.46 100.00 99.74 99.46 98.16 99.47
100.00 99.75 100.00 98.96 99.46 100.00 99.74 99.46 98.16 99.47
100.00 99.75 100.00 98.96 99.46 100.00 99.74 99.46 98.16 99.47
100.00 99.75 100.00 98.96 99.46 100.00 99.74 99.46 98.16 99.47

d = 3:
100.00 99.75 100.00 99.22 99.73 99.74 100.00 99.46 98.43 99.47
100.00 99.75 100.00 99.22 99.73 99.74 100.00 99.46 98.43 99.47
100.00 99.75 100.00 99.22 99.73 99.74 100.00 99.46 98.43 99.47
100.00 99.75 100.00 99.22 99.73 99.74 100.00 99.46 98.43 99.47
100.00 99.75 100.00 99.22 99.73 99.74 100.00 99.46 98.43 99.47
100.00 99.75 100.00 99.22 99.73 99.74 100.00 99.46 98.43 99.47
100.00 99.75 100.00 99.22 99.73 99.74 100.00 99.46 98.43 99.47

d = 4:
100.00 99.75 100.00 99.22 100.00 100.00 100.00 99.46 98.69 99.47
100.00 99.75 100.00 99.22 100.00 100.00 100.00 99.46 98.69 99.47
100.00 99.75 100.00 99.22 100.00 100.00 100.00 99.46 98.69 99.47
100.00 99.75 100.00 99.22 100.00 100.00 100.00 99.46 98.69 99.47
100.00 99.75 100.00 99.22 100.00 100.00 100.00 99.46 98.69 99.47
100.00 99.75 100.00 99.22 100.00 100.00 100.00 99.46 98.69 99.47
100.00 99.75 100.00 99.22 100.00 100.00 100.00 99.46 98.69 99.47

d = 5:
100.00 99.75 100.00 99.22 100.00 100.00 100.00 99.46 98.69 99.21
100.00 99.75 100.00 99.22 100.00 100.00 100.00 99.46 98.69 99.21
100.00 99.75 100.00 99.22 100.00 100.00 100.00 99.46 98.69 99.21
100.00 99.75 100.00 99.22 100.00 100.00 100.00 99.46 98.69 99.21
100.00 99.75 100.00 99.22 100.00 100.00 100.00 99.46 98.69 99.21
100.00 99.75 100.00 99.22 100.00 100.00 100.00 99.46 98.69 99.21
100.00 99.75 100.00 99.22 100.00 100.00 100.00 99.46 98.69 99.21

accuracy rate is 1730/1797=0.962716
type A error rate is 50/1797=0.027824
type B error rate is 17/1797=0.009460

-----------------------------------------------------------------

Part 1d)
Reading model...done.
Reading test examples... (1797 examples) done.
Classifying test examples...done
Runtime (without IO) in cpu-seconds: 0.01
Average loss on test set: 7.7908
Zero/one-error on test set: 7.79% (1657 correct, 140 incorrect, 1797 total)